,Unnamed: 0,BM%,Date,S_P,Avg_Mag,RMSE_Put_IV,RMSE_Put_K,rho,p,Maturity,Call_GSVJD,Call_Market,B_,N_,Bi^2,sigma2_est,sigma_est,Threshold_10,Threshold_5,Threshold_1,BM_%,BB_10,BUB_10,BM_%_10,BB_5,BUB_5,BM_%_5,BB_1,BUB_1,BM_%_1
179,179,-0.5324058922260636,2023-04-20,271.0400000000001,-1.4430329302895233,0.0349393243646034,0.0008378431787371,-0.6707612031756156,0.1021540044756336,7.99999999999997,25.772913882670483,24.329880952380957,0.28345603407703085,81.0,18.607144611374554,0.22971783470832782,0.47928888439888506,0.788360059861031,0.9393889516121962,1.2345663532999096,0.0,0.0,0.0,0.0,0.0,0.0,0.0,0.0,0.0,0.0
180,180,0.13348146737483,2023-04-21,271.19000000000005,0.3619883913738015,0.022508886860206,0.0010823135212274,-0.999983740195303,0.9692059415333298,27.99999999999997,40.99628372237763,41.429418604651154,0.0,80.0,18.566953629126004,0.23208692036407505,0.4817540039938174,0.7924148207676246,0.9442204972358474,1.240916080589289,0.13348146737483,0.0,0.0,0.0,0.0,0.0,0.0,0.0,0.0,0.0
181,181,-0.1965195928369668,2023-04-24,270.42,-0.5314282829497258,0.0283952443796014,0.0008296153303887,-0.9999682345257292,0.217890732121725,24.999999999999996,40.46335915047911,39.75014285714286,0.038619950368807214,80.0,18.59787188098221,0.23247339851227763,0.4821549528028076,0.793074322870314,0.9450063424611125,1.2419488562807088,0.0,0.0,0.0,0.0,0.0,0.0,0.0,0.0,0.0,0.0
182,182,-0.0655652869438479,2023-04-25,262.41,-0.1720498694693515,0.0199036164796369,0.0016655121264873,-0.9999827581507392,0.2856622898608112,23.99999999999997,35.32233668060224,35.21755555555556,0.004298806852029113,81.0,18.60217068783424,0.22965642824486715,0.4792248201469402,0.7882546835438615,0.9392633879856876,1.23440133472244,0.0,0.0,0.0,0.0,0.0,0.0,0.0,0.0,0.0,0.0
183,183,-0.0198892960347462,2023-04-26,269.55999999999995,-0.0536135863912619,0.0119677627192456,0.0009160833411158,-0.99997880928939,0.0909356142957286,22.99999999999997,30.86746943749079,30.789642857142866,0.0003955840967577709,81.0,18.403316177270774,0.2272014342872935,0.47665651604409387,0.7840301992251804,0.9342296044427624,1.2277858217539035,0.0,0.0,0.0,0.0,0.0,0.0,0.0,0.0,0.0,0.0
184,184,0.0168852105067632,2023-04-27,272.26,0.0459716741257136,0.0158501818016203,0.0005448937744641,-0.5880588085068205,0.0341401276681821,7.99999999999997,23.88843012976316,23.976,0.0,81.0,18.403316177270774,0.2272014342872935,0.47665651604409387,0.7840301992251804,0.9342296044427624,1.2277858217539035,0.0168852105067632,0.0,0.0,0.0,0.0,0.0,0.0,0.0,0.0,0.0
185,185,-0.0174898216023143,2023-04-28,277.48999999999995,-0.0485325059642621,0.0164131680545438,0.0020109802748379,-0.9999797577574754,0.0348024984738235,20.99999999999997,37.48969655073863,37.61765957446808,0.0003058938596807799,82.0,18.403622071130457,0.22443441550159093,0.4737450954908039,0.7792413385685203,0.9285233250144644,1.2202864993777847,0.0,0.0,0.0,0.0,0.0,0.0,0.0,0.0,0.0,0.0
186,186,-0.0175496011237004,2023-05-01,289.1,-0.0507358968486179,0.0147499748422462,0.0017100951689973,-0.9999753405178874,0.8029392117768777,17.99999999999997,36.89684849195453,36.76696078431373,0.0003079884996009863,82.0,18.403806754850617,0.2244366677420807,0.4737474725442667,0.77924524847353,0.9285279839536408,1.2202926222617503,0.0,0.0,0.0,0.0,0.0,0.0,0.0,0.0,0.0,0.0
187,187,0.0052048109472378,2023-05-02,282.1,0.0146827716821579,0.0095516147898193,0.0013857167481984,-0.7999833241385441,9.789608846666464e-05,16.99999999999999,30.0286654750508,30.16804347826087,0.0,82.0,18.403806754850617,0.2244366677420807,0.4737474725442667,0.77924524847353,0.9285279839536408,1.2202926222617503,0.0052048109472378,0.0,0.0,0.0,0.0,0.0,0.0,0.0,0.0,0.0
188,188,0.0011233856392963,2023-05-03,278.02000000000004,0.0031232367543715,0.0438263392512052,0.0007989699782556,-0.7728903055561563,4.667921459844404e-05,8.999999999999988,20.509649007737227,20.519729729729725,0.0,82.0,18.403806754850617,0.2244366677420807,0.4737474725442667,0.77924524847353,0.9285279839536408,1.2202926222617503,0.0011233856392963,0.0,0.0,0.0,0.0,0.0,0.0,0.0,0.0,0.0
189,189,0.016005875381099,2023-05-04,275.6200000000002,0.0441153937253851,0.0164433225228455,0.0004578779880138,-0.2117071562325168,0.0900616103883855,7.99999999999997,21.600698859263016,21.70423076923077,0.0,81.0,18.403798427894312,0.22720738799869522,0.47666276128799406,0.7840404717372609,0.9342418448958815,1.2278019084361496,0.016005875381099,0.0,0.0,0.0,0.0,0.0,0.0,0.0,0.0,0.0
190,190,0.0561786701049386,2023-05-05,286.79999999999995,0.1611204258609639,0.0152650424429878,0.0007924974996506,-0.2326986236391162,0.2172637274105281,13.999999999999986,35.09635889694763,35.32639534883722,0.0,80.0,18.401851793928717,0.23002314742410895,0.479607284581989,0.7888837815570314,0.9400130045037508,1.2353864978218039,0.0561786701049386,0.0,0.0,0.0,0.0,0.0,0.0,0.0,0.0,0.0
191,191,0.0828889984775236,2023-05-08,291.51,0.2416297194618291,0.0179852740575166,0.0002112215148463,-0.836106991686966,0.2118058151262618,10.999999999999975,31.54948778751081,31.94925,0.0,80.0,18.401851793928717,0.23002314742410895,0.479607284581989,0.7888837815570314,0.9400130045037508,1.2353864978218039,0.0828889984775236,0.0,0.0,0.0,0.0,0.0,0.0,0.0,0.0,0.0
192,192,-0.0562430150938816,2023-05-09,285.71,-0.1606919184247291,0.0307370657905574,0.0007900723629422,-0.290818771158269,1.0528023960828696,10.0,19.10078880150967,19.15924242424243,0.003163276746850593,81.0,18.405015070675567,0.22722240827994528,0.4766785166964684,0.7840663870780339,0.9342727249290529,1.227842491678987,0.0,0.0,0.0,0.0,0.0,0.0,0.0,0.0,0.0,0.0
193,193,0.0213958576808034,2023-05-10,288.85,0.0618019349110006,0.0180669183160572,0.0005467341612103,-0.9999825565593856,0.0744930114968543,8.999999999999984,29.46460296170972,29.507875,0.0,80.0,18.343764297924828,0.22929705372406034,0.4788497193525964,0.7876376976418128,0.9385282039382015,1.2334351391045848,0.0213958576808034,0.0,0.0,0.0,0.0,0.0,0.0,0.0,0.0,0.0
194,194,-0.1043055637943231,2023-05-11,285.78,-0.2980844402114167,0.0161241991423426,0.0008068806877985,-0.0682918204759764,4.995962283416143e-05,7.99999999999997,25.60603483554161,25.026125,0.010879650638451605,80.0,18.300616173525665,0.22875770216907082,0.4782862136514817,0.7867108132455264,0.9374237530589337,1.2319836446069368,0.0,0.0,0.0,0.0,0.0,0.0,0.0,0.0,0.0,0.0
195,195,0.0581665144727047,2023-05-12,283.4,0.1648439020156451,0.0173653616082025,0.0011460812854114,-0.5580222491816424,0.2011847821891384,13.999999999999988,31.68595553539051,31.97967391304348,0.0,79.0,18.296007063245323,0.2315950261170294,0.481243208904842,0.7915746376128944,0.9432193572579758,1.2396003596309972,0.0581665144727047,0.0,0.0,0.0,0.0,0.0,0.0,0.0,0.0,0.0
196,196,0.0114366001815895,2023-05-15,289.5300000000001,0.0331123885057563,0.018384222855331,0.0018522188606552,-0.6139399071151257,5.1531327958209694e-05,10.99999999999998,22.99551474522027,23.04152173913043,0.0,78.0,18.280291146304407,0.23436270700390266,0.48411022195766806,0.7962904544313526,0.948838599584721,1.2469852958661236,0.0114366001815895,0.0,0.0,0.0,0.0,0.0,0.0,0.0,0.0,0.0
197,197,0.0419338575858209,2023-05-16,292.13000000000005,0.1225013781654586,0.0289794877637679,0.0006494419308761,-0.7212938002087964,0.8285434475012502,10.0,26.906260129158813,27.11041666666667,0.0,77.0,17.821231263434477,0.23144456186278542,0.48108685480148533,0.7913174579988994,0.9429129088465616,1.239197618149841,0.0419338575858209,0.0,0.0,0.0,0.0,0.0,0.0,0.0,0.0,0.0
198,198,0.1093191782040998,2023-05-17,301.78000000000003,0.3299034159843327,0.0168692850270335,0.0004826146419319,-0.9999398023220972,0.6458951136804039,8.999999999999986,25.84113072139771,26.25676470588235,0.0,76.0,17.820336226500576,0.23447810824342863,0.4842293963024432,0.7964864787845956,0.9490721770083616,1.2472922686356267,0.1093191782040998,0.0,0.0,0.0,0.0,0.0,0.0,0.0,0.0,0.0
199,199,-0.0943633300156161,2023-05-18,316.78,-0.2989241568234689,0.0231835108835118,0.0013673363565921,-0.5976359617036135,1.6612029509368729,7.999999999999968,26.549867703420077,26.01763636363636,0.008904438051636075,76.0,17.829224009878228,0.23459505276155562,0.48435013447046305,0.7966850753981745,0.9493088194692397,1.247603269546869,0.0,0.0,0.0,0.0,0.0,0.0,0.0,0.0,0.0,0.0
200,200,-0.9960845972834084,2023-05-19,312.6399999999999,-3.1141588849468467,0.0147684907351515,0.0017052178018008,-0.9999837172309995,1.2847655109588427,27.99999999999997,63.1642382500262,60.05007936507936,0.9921845249452498,77.0,18.82140853482348,0.2444338770756296,0.49440254557964164,0.813219820270714,0.9690111832010201,1.2734965646532117,0.0,0.0,0.0,0.0,0.0,0.0,0.0,0.0,0.0,0.0
201,201,-0.2811322881808959,2023-05-22,311.7599999999999,-0.8764580216327608,0.0292648799278238,0.0011811123951983,-0.999981663709104,0.3795056941838579,25.0,48.130181825484335,46.75258620689655,0.07903536345782632,78.0,18.900443898281303,0.24231338331129876,0.49225337308270295,0.8096847460941802,0.9647988825104563,1.2679606631572158,0.0,0.0,0.0,0.0,0.0,0.0,0.0,0.0,0.0,0.0
202,202,-0.321795224006958,2023-05-23,306.88000000000005,-0.9875251834325528,0.0142190309157945,0.0009525553181477,-0.9999794963233396,0.433144974985388,23.99999999999998,39.38745799540705,38.26025862068966,0.10355216619368826,78.0,18.94866769097133,0.242931637063735,0.4928809562802513,0.8107170285928813,0.9660289229749536,1.2695772103478757,0.0,0.0,0.0,0.0,0.0,0.0,0.0,0.0,0.0,0.0
203,203,-0.387258967630439,2023-05-24,305.38000000000005,-1.1826114353498347,0.0191882332573074,0.0013838456288411,-0.9999823114186028,4.534364831043636e-05,22.999999999999968,47.02755955679213,45.09761538461538,0.1499695080101934,78.0,19.0570773308827,0.24432150424208587,0.49428888743535987,0.8130328692598596,0.9687884173316782,1.2732038006745838,0.0,0.0,0.0,0.0,0.0,0.0,0.0,0.0,0.0,0.0
204,204,-0.3947136067487658,2023-05-25,379.8,-1.4991222784318126,0.0303124199898351,0.0035422529886154,-0.1004421646412947,1.912589548511027,7.999999999999968,48.475854289790185,46.68891304347826,0.15579883135261935,78.0,19.176059173594833,0.24584691248198504,0.4958295195750098,0.8155669836225609,0.9718080008388169,1.2771722060858834,0.0,0.0,0.0,0.0,0.0,0.0,0.0,0.0,0.0,0.0
205,205,-0.0580593678682735,2023-05-26,389.46,-0.2261180140997781,0.0250032723290762,0.0005465758460723,-0.9999748737619784,1.9985924867769584,20.99999999999998,73.35363854407268,73.05499999999999,0.0033708901972635094,78.0,19.02980085722035,0.24397180586179937,0.4939350219024759,0.8124508122546423,0.9680948536318555,1.2722923034654654,0.0,0.0,0.0,0.0,0.0,0.0,0.0,0.0,0.0,0.0
206,206,-0.163718264401521,2023-05-30,401.1100000000001,-0.6566903303409413,0.0243472173805699,0.0005974854636129,0.1839946071016915,4.975337879298269e-05,16.99999999999999,67.58203343404404,66.23738095238093,0.026803670098646343,79.0,19.056604527319,0.24122284211796202,0.49114442083562554,0.8078606819684588,0.9626253760456098,1.2651041914629573,0.0,0.0,0.0,0.0,0.0,0.0,0.0,0.0,0.0,0.0
207,207,0.152552822935867,2023-05-31,378.34,0.5771683502955596,0.0104976746601656,0.0007641251628904,0.0828950497281721,0.0030943883302897,8.999999999999988,27.518842981873984,28.38645454545454,0.0,78.0,18.777658372329448,0.2407392099016596,0.4906518214596371,0.8070504280982302,0.9616598990098655,1.2638353395553765,0.152552822935867,0.0,0.0,0.0,0.0,0.0,0.0,0.0,0.0,0.0
208,208,0.0497246235526874,2023-06-01,397.7,0.1977548278690379,0.018103261180504,0.00084865559477,0.4573651872484952,4.46678829831848e-05,7.999999999999968,45.78897569237367,46.30786885245901,0.0,78.0,18.777658372329448,0.2407392099016596,0.4906518214596371,0.8070504280982302,0.9616598990098655,1.2638353395553765,0.0497246235526874,0.0,0.0,0.0,0.0,0.0,0.0,0.0,0.0,0.0
209,209,-0.0998882267161309,2023-06-02,393.27,-0.3928304292065281,0.024968276706617,0.0006005929457758,-0.9999758373558194,0.0001202836661623,13.999999999999988,59.217414172574735,58.32101851851853,0.009977657836493167,79.0,18.78763603016594,0.23781817759703724,0.48766605130666746,0.8021392732328747,0.9558078970439304,1.2561445053016955,0.0,0.0,0.0,0.0,0.0,0.0,0.0,0.0,0.0,0.0
210,210,0.1622119846548526,2023-06-05,391.7099999999999,0.6354005650915233,0.0140996386432074,0.0002513142405064,-0.9999821585146826,1.4478209030128093,10.999999999999975,45.58080005817368,46.51225490196079,0.0,78.0,18.749988329952213,0.2403844657686181,0.4902901852664584,0.8064555894942433,0.9609511050957291,1.262903826451763,0.1622119846548526,0.0,0.0,0.0,0.0,0.0,0.0,0.0,0.0,0.0
211,211,0.1669452119848302,2023-06-06,386.5400000000001,0.6453100224061628,0.0251469814932232,0.0004284464216844,-0.9999806038356036,0.4945586946060118,10.000000000000002,40.43875861173883,41.39673076923077,0.0,77.0,18.749987460578865,0.24350633065686839,0.49346360621313134,0.8116754024482221,0.9671708958589931,1.271078017118699,0.1669452119848302,0.0,0.0,0.0,0.0,0.0,0.0,0.0,0.0,0.0
212,212,-0.0184180492837404,2023-06-07,374.75,-0.0690216396908174,0.0227295477800893,0.0005197925708429,-0.2185111979077241,0.4606553165827088,8.999999999999986,32.09295872080261,32.07233333333333,0.0003392245394182903,78.0,18.75032668511828,0.24038880365536258,0.4902946090417093,0.8064628659570096,0.9609597755358965,1.2629152213416865,0.0,0.0,0.0,0.0,0.0,0.0,0.0,0.0,0.0,0.0
213,213,0.0430147195132436,2023-06-08,385.0999999999999,0.1656496848455013,0.0155421456561154,0.0005272987911774,-0.9999809496043474,1.6897049124269616,7.999999999999968,37.771335212783576,38.24509433962264,0.0,78.0,18.75032668511828,0.24038880365536258,0.4902946090417093,0.8064628659570096,0.9609597755358965,1.2629152213416865,0.0430147195132436,0.0,0.0,0.0,0.0,0.0,0.0,0.0,0.0,0.0
214,214,-0.007872048978979,2023-06-09,387.7000000000001,-0.0305199338915017,0.0330942091317874,0.0008756320951946,-0.3011671852848144,0.52478879584475,13.999999999999988,41.63024284122863,41.58329787234042,6.196915512744431e-05,79.0,18.75038865427341,0.2373466918262457,0.4871824009816505,0.8013437392415943,0.9548599598257861,1.2548987046218458,0.0,0.0,0.0,0.0,0.0,0.0,0.0,0.0,0.0,0.0
215,215,0.1467648066310602,2023-06-12,394.82,0.579456809540752,0.0567288944923435,0.0012199745822708,0.2722594489460371,0.674614064660847,10.99999999999998,42.59569240602664,43.48500000000001,0.0,78.0,12.56732886717049,0.16111960086116012,0.40139706135092734,0.6602394122107355,0.7867237837480321,1.0339303129861344,0.1467648066310602,0.0,0.0,0.0,0.0,0.0,0.0,0.0,0.0,0.0
216,216,-0.1141877537342193,2023-06-13,410.2200000000002,-0.4684210033685146,0.0525350477412306,0.0013065807275747,-0.3447254408215986,0.8162796418698709,10.000000000000004,43.51808922053526,43.10778688524591,0.013038843102866713,79.0,12.580367710273359,0.1592451608895362,0.3990553356234398,0.656387616154552,0.7821340856604857,1.0278984272363976,0.0,0.0,0.0,0.0,0.0,0.0,0.0,0.0,0.0,0.0
217,217,-0.4722702616348008,2023-06-14,429.97000000000014,-2.030620443951153,0.0144712896110923,0.0011499207926565,0.4473742577823558,0.0600829942796342,8.999999999999984,52.334798526142926,50.30417808219178,0.2230392000246032,79.0,12.800753149128205,0.1620348499889646,0.4025355263687475,0.6621120205244543,0.7889551341806184,1.036862804540101,0.0,0.0,0.0,0.0,0.0,0.0,0.0,0.0,0.0,0.0
218,218,-0.0087912289005098,2023-06-15,426.5299999999998,-0.0374972286293446,0.0301730420693955,0.0007255532903062,0.3976081711572692,4.36783965933607e-05,7.999999999999968,43.17362853845082,43.222307692307695,7.728570558115876e-05,79.0,9.566388758561471,0.12109352858938571,0.34798495454456896,0.5723843146071774,0.682037978069163,0.8963498431100329,0.0,0.0,0.0,0.0,0.0,0.0,0.0,0.0,0.0,0.0
219,219,-0.0721262750670264,2023-06-16,426.9199999999998,-0.307921493516149,0.0110578094529131,0.0017853467278104,0.0354936009150414,0.2253994708824062,13.999999999999988,48.35167329886842,48.27718181818181,0.0052021995550443545,79.0,8.920731892289435,0.11292065686442324,0.33603668975935236,0.5527311679394373,0.6586198094123902,0.8655731525497105,0.0,0.0,0.0,0.0,0.0,0.0,0.0,0.0,0.0,0.0
220,220,0.0248583104554652,2023-06-20,438.0800000000001,0.108899286443302,0.0125557375518785,0.0008440770317826,0.2265514425315977,0.0305035296776128,10.000000000000002,41.54263713330304,41.78382352941176,0.0,79.0,8.920731892289435,0.11292065686442324,0.33603668975935236,0.5527311679394373,0.6586198094123902,0.8655731525497105,0.0248583104554652,0.0,0.0,0.0,0.0,0.0,0.0,0.0,0.0,0.0
221,221,-0.0297837997043853,2023-06-21,430.45,-0.1282043658275267,0.0653252018754493,0.0017214695001338,0.8930511264944254,1.9412743298821928,8.999999999999986,37.03406715345045,37.108250000000005,0.0008870747248309419,80.0,8.921618967014266,0.11152023708767833,0.33394645841463616,0.5492930433309132,0.6545230312573898,0.8601890734007941,0.0,0.0,0.0,0.0,0.0,0.0,0.0,0.0,0.0,0.0
222,222,-0.0366312453246645,2023-06-22,430.25,-0.1576059330093693,0.0153112122188683,0.000373439874384,-0.688934195705918,0.6850299958153329,7.999999999999968,42.6621066875826,42.30930232558139,0.001341848134035755,81.0,8.922960815148302,0.11016001006355929,0.3319036156229083,0.545932865955648,0.6505191329595259,0.8549270590753179,0.0,0.0,0.0,0.0,0.0,0.0,0.0,0.0,0.0,0.0
223,223,0.3856201593009649,2023-06-23,422.09,1.6276641303934427,0.0190361961884799,0.0005021848227023,-0.9999829828008778,1.7088301756299575,27.99999999999997,63.53751843613035,65.17972727272726,0.0,81.0,8.922960815148302,0.11016001006355929,0.3319036156229083,0.545932865955648,0.6505191329595259,0.8549270590753179,0.3856201593009649,0.0,0.0,0.0,0.0,0.0,0.0,0.0,0.0,0.0
224,224,0.0680844265142296,2023-06-26,406.32,0.2766406418126178,0.0183596232682526,0.0009594823433094,-0.999951073654566,1.1642902477406876,10.99999999999998,32.73254368670936,33.35690909090909,0.0,81.0,8.922960815148302,0.11016001006355929,0.3319036156229083,0.545932865955648,0.6505191329595259,0.8549270590753179,0.0680844265142296,0.0,0.0,0.0,0.0,0.0,0.0,0.0,0.0,0.0
225,225,-0.0090436135806343,2023-06-27,418.7599999999999,-0.0378710362302645,0.0163307847625635,0.0009093296219844,-0.9999810246356434,0.4124735328761801,10.000000000000004,33.100412990686394,32.97355555555556,8.178694659583315e-05,81.0,8.915400683236946,0.11006667510169069,0.3317629803062582,0.5457015414449787,0.6502434928039373,0.8545648065055766,0.0,0.0,0.0,0.0,0.0,0.0,0.0,0.0,0.0,0.0
226,226,0.1951631767747652,2023-06-28,411.17,0.802452433944802,0.0321241223424015,0.0007870872310361,-0.1690184871011755,0.2952802267662572,8.999999999999984,26.623633754539004,27.74520833333333,0.0,81.0,8.915400683236946,0.11006667510169069,0.3317629803062582,0.5457015414449787,0.6502434928039373,0.8545648065055766,0.1951631767747652,0.0,0.0,0.0,0.0,0.0,0.0,0.0,0.0,0.0
227,227,-0.0038799717830174,2023-06-29,408.22,-0.0158388208126337,0.0167034122383819,0.0003589197569221,-0.1870428891939711,0.7460434551213179,7.999999999999968,26.788710607913423,26.852327586206897,1.5054181037011222e-05,82.0,8.915415737417982,0.10872458216363393,0.32973410828064775,0.542364343935033,0.6462669767045,0.8493387784888586,0.0,0.0,0.0,0.0,0.0,0.0,0.0,0.0,0.0,0.0
228,228,-0.0186863275859506,2023-06-30,423.02,-0.0790469029540883,0.0200218515997741,0.0005245856227983,-0.3217036397811788,0.6724502247598607,13.999999999999986,37.662169103655074,37.519711538461536,0.0003491788386494584,83.0,8.915764916256633,0.10741885441273051,0.3277481569936443,0.5390977447576564,0.6423745837069222,0.8442233069683744,0.0,0.0,0.0,0.0,0.0,0.0,0.0,0.0,0.0,0.0
229,229,0.0045007048403861,2023-07-03,424.1300000000001,0.0190888394395299,0.0134912549217541,0.0006666989086207,-0.6462850273501911,0.4393460954384448,10.999999999999975,35.5517183669068,35.556594202898545,0.0,83.0,8.915764916256633,0.10741885441273051,0.3277481569936443,0.5390977447576564,0.6423745837069222,0.8442233069683744,0.0045007048403861,0.0,0.0,0.0,0.0,0.0,0.0,0.0,0.0,0.0
230,230,-0.0007058713190737,2023-07-05,423.17,-0.0029870356609243,0.027795213916106,0.0004419094519625,-0.694695888945855,1.101504177392792,8.999999999999984,29.94636341254022,30.13308219178082,4.982543190908452e-07,84.0,8.915765414510952,0.10614006445846372,0.3257914431940528,0.5358792369674923,0.6385394951316704,0.8391831462247281,0.0,0.0,0.0,0.0,0.0,0.0,0.0,0.0,0.0,0.0
231,231,0.0112009449903451,2023-07-06,421.0299999999998,0.0471593386928501,0.0681500761184984,0.0003622890513535,-0.3491265426922771,0.5767683183951459,7.999999999999968,33.49419617843563,33.70148648648649,0.0,83.0,8.907009507759167,0.10731336756336346,0.3275871907803531,0.5388329788979076,0.6420590957261437,0.8438086854792977,0.0112009449903451,0.0,0.0,0.0,0.0,0.0,0.0,0.0,0.0,0.0
232,232,0.0079519082280733,2023-07-07,425.0299999999999,0.0337979955417801,0.0154301300807456,0.0006149048575846,-0.987323091826794,0.8797686217217944,13.999999999999982,43.19478537259582,43.38208333333333,0.0,83.0,8.907009507759167,0.10731336756336346,0.3275871907803531,0.5388329788979076,0.6420590957261437,0.8438086854792977,0.0079519082280733,0.0,0.0,0.0,0.0,0.0,0.0,0.0,0.0,0.0
233,233,-0.0796582407229545,2023-07-10,421.80000000000007,-0.3359984593694223,0.1124524766979576,0.0015163434031889,0.8328837421904611,0.5382429966626499,10.999999999999975,33.48787581313146,33.144729729729725,0.006345435315076166,83.0,8.912436719859866,0.10737875566096224,0.32768697816813264,0.5389971145446208,0.642254675412303,0.8440657207568648,0.0,0.0,0.0,0.0,0.0,0.0,0.0,0.0,0.0,0.0
234,234,0.0660226892011683,2023-07-11,424.05000000000007,0.2799692135575544,0.1145462542191501,0.0003600578974375,0.3345672778426534,5.490189753432073e-05,10.0,34.23431111341162,34.64157534246576,0.0,82.0,8.90155071171921,0.1085554964843806,0.32947761150703486,0.5419424442866544,0.645764252266068,0.8486780865831208,0.0660226892011683,0.0,0.0,0.0,0.0,0.0,0.0,0.0,0.0,0.0
235,235,-0.1913969075640412,2023-07-12,439.0199999999999,-0.8402707035876537,0.023538001117832,0.0007751445740709,-0.999983784611916,0.9329746819900356,8.999999999999986,37.08166057586275,36.089102564102575,0.036632776225078136,83.0,8.938183487944288,0.10768895768607575,0.32815995746903026,0.5397750962631753,0.6431816978074952,0.845284034700089,0.0,0.0,0.0,0.0,0.0,0.0,0.0,0.0,0.0,0.0
236,236,0.078672176296487,2023-07-13,459.77,0.3617110649583586,0.0120972016126069,0.0004309116669273,0.9778040887478598,1.991549141301879,7.999999999999968,49.10634080213387,49.63173913043479,0.0,83.0,8.938183487944288,0.10768895768607575,0.32815995746903026,0.5397750962631753,0.6431816978074952,0.845284034700089,0.078672176296487,0.0,0.0,0.0,0.0,0.0,0.0,0.0,0.0,0.0
237,237,-0.0579098734652188,2023-07-14,454.69,-0.2633104036590036,0.0293763044619602,0.0006950144878147,0.2154336222958925,0.3039946259176411,13.999999999999982,41.47305327149351,41.21090277777778,0.0033535534447576526,84.0,8.941537041389045,0.10644686954034578,0.32626196459340123,0.5366531757977688,0.6394617001283487,0.8403951290331166,0.0,0.0,0.0,0.0,0.0,0.0,0.0,0.0,0.0,0.0
238,238,0.3552519646873464,2023-07-17,464.6100000000001,1.6505361531338807,0.0200346829930957,0.0012997382032702,0.1075503540385626,0.1209750297080406,10.999999999999975,35.21700007875017,36.86753623188406,0.0,84.0,8.941537041389045,0.10644686954034578,0.32626196459340123,0.5366531757977688,0.6394617001283487,0.8403951290331166,0.3552519646873464,0.0,0.0,0.0,0.0,0.0,0.0,0.0,0.0,0.0
239,239,0.0165010806341907,2023-07-18,474.94,0.0783702323640257,0.0210408223944651,0.0003669370477179,0.0850809656545355,0.1455805450668309,10.000000000000004,48.889795870776,49.19971830985916,0.0,83.0,8.597222990441251,0.10358099988483435,0.32184002219244634,0.5293797278013876,0.6307948522807666,0.8290049602181317,0.0165010806341907,0.0,0.0,0.0,0.0,0.0,0.0,0.0,0.0,0.0
240,240,0.0505612508290613,2023-07-19,470.77,0.2380272005279719,0.0156621289122631,0.0006871430351957,0.2230505974722092,0.3869174487612905,8.999999999999986,41.19341014054213,41.6315,0.0,83.0,8.597222990441251,0.10358099988483435,0.32184002219244634,0.5293797278013876,0.6307948522807666,0.8290049602181317,0.0505612508290613,0.0,0.0,0.0,0.0,0.0,0.0,0.0,0.0,0.0
241,241,0.0332454118372305,2023-07-20,455.2,0.1513331146830735,0.0171338089884953,0.0003706728282894,-0.6238940063666146,1.3029642237942798,7.999999999999968,36.34838050775189,36.7986231884058,0.0,83.0,8.597222990441251,0.10358099988483435,0.32184002219244634,0.5293797278013876,0.6307948522807666,0.8290049602181317,0.0332454118372305,0.0,0.0,0.0,0.0,0.0,0.0,0.0,0.0,0.0
242,242,0.0537313603678207,2023-07-21,443.09,0.2380782846537769,0.0172526235713401,0.0014603556536545,-0.9999681142465714,0.2542605058108464,27.99999999999997,67.8013193179519,68.60926229508196,0.0,82.0,8.502809267116618,0.10369279594044656,0.3220136580029589,0.529665333294078,0.6311351722157976,0.8294522164269954,0.0537313603678207,0.0,0.0,0.0,0.0,0.0,0.0,0.0,0.0,0.0
243,243,0.147127950177258,2023-07-24,446.1199999999999,0.6563672113307835,0.0249063743396404,0.0005419081330936,-0.9999840181287728,0.4881571995801268,10.99999999999998,27.081830599210388,27.906415094339625,0.0,81.0,7.415608597475613,0.09155072342562486,0.3025735008648723,0.4976891203169896,0.5930331643713486,0.7793776900051166,0.147127950177258,0.0,0.0,0.0,0.0,0.0,0.0,0.0,0.0,0.0
244,244,-0.1068105517709853,2023-07-25,456.7900000000001,-0.487899919434684,0.0202579614853584,0.0004807664730648,0.1174589865907772,0.4243910616700964,10.000000000000004,39.30133021746947,38.6812037037037,0.011408493969622329,82.0,7.427017091445235,0.09057337916396628,0.3009541147151278,0.4950254671351474,0.5898592258407863,0.7752064277068434,0.0,0.0,0.0,0.0,0.0,0.0,0.0,0.0,0.0,0.0
245,245,-1.2447087775301668,2023-07-26,454.52,-5.657450335630115,0.0274526633750051,0.0005233389285693,0.2582010955301312,4.4389505872932666e-05,8.999999999999984,45.45664676420154,39.79919642857143,1.5492999408606423,82.0,6.5678691491383425,0.08009596523339442,0.283012305798519,0.46551381766459315,0.5546939265467336,0.7289913905407676,0.0,0.0,0.0,0.0,0.0,0.0,0.0,0.0,0.0,0.0
246,246,0.083160574839712,2023-07-27,459.0,0.3817070385142785,0.0142939529174832,0.0012283662125323,0.1238673985992522,0.1946312412145963,7.999999999999968,37.43042659868509,37.92325,0.0,81.0,6.564158769503046,0.0810389971543586,0.2846734921877318,0.46824622612193223,0.5579497920411988,0.7332703231207586,0.083160574839712,0.0,0.0,0.0,0.0,0.0,0.0,0.0,0.0,0.0
247,247,0.2113408826144723,2023-07-28,467.5,0.988018626222658,0.0133530760339636,0.000418568265599,-0.6154814942756452,1.991723275824213,20.99999999999998,63.09567956054583,64.27390410958904,0.0,80.0,6.5588650142378935,0.08198581267797367,0.28633164805514194,0.4709736498144927,0.5611997178220764,0.7375414495938851,0.2113408826144723,0.0,0.0,0.0,0.0,0.0,0.0,0.0,0.0,0.0
248,248,0.0037871537962179,2023-07-31,467.2900000000001,0.0176969909743469,0.0777173758131193,0.0012141733011736,0.2458608263073241,0.1079834618880223,10.999999999999975,37.71308122349326,37.69262295081968,0.0,79.0,6.54239441429191,0.08281511916825203,0.2877761615705026,0.4733496631094141,0.5640309122873647,0.7412622698361236,0.0037871537962179,0.0,0.0,0.0,0.0,0.0,0.0,0.0,0.0,0.0
249,249,-0.01952104596746,2023-08-01,465.07,-0.0907865284808665,0.0120138409190118,0.0011381723287578,0.999871332515874,1.999837056084408,10.000000000000004,37.45503002121017,37.501132075471695,0.00038107123566368624,80.0,6.5427754855275735,0.08178469356909467,0.2859802328292896,0.47039562320568346,0.5605109566357868,0.7366362639574213,0.0,0.0,0.0,0.0,0.0,0.0,0.0,0.0,0.0,0.0
250,250,0.0159549746973022,2023-08-02,442.69,0.0706310774874874,0.0228070496732726,0.0006819918863114,-0.8399374724621193,1.9998222321799948,8.999999999999986,27.397413128041077,27.55322033898305,0.0,80.0,6.5427754855275735,0.08178469356909467,0.2859802328292896,0.47039562320568346,0.5605109566357868,0.7366362639574213,0.0159549746973022,0.0,0.0,0.0,0.0,0.0,0.0,0.0,0.0,0.0
251,251,-0.1127417394291457,2023-08-03,445.15000000000015,-0.5018698530688425,0.0127621683007763,0.0007369398416479,-0.4343504048043958,0.8290623120723681,7.999999999999968,39.08578519869278,38.337407407407404,0.012710699809509386,81.0,6.555486185337084,0.08093192821403807,0.28448537434117427,0.4679367997997278,0.5575810878370968,0.7327857636590751,0.0,0.0,0.0,0.0,0.0,0.0,0.0,0.0,0.0,0.0
252,252,-0.0433309270987163,2023-08-04,446.8,-0.1936025822770645,0.0129315725734794,0.0009932588165323,-0.9700637132875942,0.3982473089755914,13.999999999999986,47.33103974143801,47.27203389830508,0.0018775692432342664,81.0,6.413053683486415,0.07917350226526437,0.28137786385084446,0.462825399898919,0.5514904791944699,0.724781347076998,0.0,0.0,0.0,0.0,0.0,0.0,0.0,0.0,0.0,0.0
253,253,0.057744509043739,2023-08-07,454.165,0.2622553494984974,0.0081405370009622,0.0001971705786803,-0.1564358836606985,0.5363362409109121,10.999999999999975,46.07200926547172,46.463750000000005,0.0,80.0,6.077095163882376,0.0759636895485297,0.27561511124851207,0.45334651537974857,0.540195691642084,0.7099374800548075,0.057744509043739,0.0,0.0,0.0,0.0,0.0,0.0,0.0,0.0,0.0
254,254,-0.1506746602053095,2023-08-08,446.6399999999999,-0.6729733023409945,0.0132370622029015,0.0008698001291648,-0.6929921536325432,0.7167990955317776,10.000000000000004,33.03921134393801,32.30094339622641,0.02270285322798548,81.0,6.099798017110361,0.07530614835938718,0.2744196573851574,0.45138016875675646,0.5378526451247295,0.7068581949625378,0.0,0.0,0.0,0.0,0.0,0.0,0.0,0.0,0.0,0.0
255,255,-0.0637959395674388,2023-08-09,425.5400000000001,-0.2714772412352795,0.019075609621324,0.000754952025258,-0.9999708256054493,0.8795401073353849,8.999999999999986,31.140705857507594,30.86805970149254,0.004069921905292304,81.0,5.989755186955186,0.07394759490068131,0.27193307062709626,0.44729009750903015,0.5329790246344955,0.7004531719253073,0.0,0.0,0.0,0.0,0.0,0.0,0.0,0.0,0.0,0.0
256,256,-0.0219127538539918,2023-08-10,423.88000000000017,-0.0928837810363007,0.0192442837144704,0.0006125662991934,-0.9999417716606231,1.04428314233466,7.999999999999968,31.539298967296062,31.49798387096774,0.00048016878146563255,82.0,5.990235355736651,0.07305165067971525,0.2702806886918029,0.44457217108965374,0.5297404155526159,0.6961969181157238,0.0,0.0,0.0,0.0,0.0,0.0,0.0,0.0,0.0,0.0
257,257,-0.2839227938198071,2023-08-11,408.5500000000002,-1.1599665741508225,0.0213711257379448,0.0014944112992737,-0.0160642660683255,1.3744556490497413,13.999999999999986,34.37811779658475,33.13114457831325,0.08061215285044471,82.0,6.060492571042567,0.07390844598832398,0.2718610784726714,0.4471716809527123,0.5328379226046533,0.7002677324243141,0.0,0.0,0.0,0.0,0.0,0.0,0.0,0.0,0.0,0.0
258,258,0.1900835762480671,2023-08-14,437.5299999999998,0.8316726711581679,0.0171246530671433,0.0006911527675142,-0.9999602177457004,6.575959614674165e-05,10.999999999999975,42.72657257373651,43.77555555555555,0.0,82.0,6.060492571042567,0.07390844598832398,0.2718610784726714,0.4471716809527123,0.5328379226046533,0.7002677324243141,0.1900835762480671,0.0,0.0,0.0,0.0,0.0,0.0,0.0,0.0,0.0
259,259,0.2196444318377865,2023-08-15,439.4,0.965117633495234,0.0724414703577812,0.0013521214824422,-0.3328913467201718,0.0002627083334478,10.0,39.32818667634133,40.52897260273973,0.0,82.0,6.060492571042567,0.07390844598832398,0.2718610784726714,0.4471716809527123,0.5328379226046533,0.7002677324243141,0.2196444318377865,0.0,0.0,0.0,0.0,0.0,0.0,0.0,0.0,0.0
260,260,0.1672222673908371,2023-08-16,434.8600000000001,0.7271827519757947,0.0062999835915142,0.000801143098025,0.6587533560197328,0.2908925500144277,8.999999999999986,38.40527025104132,39.39612676056338,0.0,81.0,6.056338448663207,0.07476961047732354,0.27344032342967184,0.44976930774807933,0.5359331858431408,0.7043355978620377,0.1672222673908371,0.0,0.0,0.0,0.0,0.0,0.0,0.0,0.0,0.0
261,261,0.2461811035812175,2023-08-17,433.4350000000002,1.0670350663072508,0.0047984734257274,0.0008992934994436,-0.3438134079462134,1.99980722697858,28.999999999999982,77.98438154125049,79.49545454545455,0.0,81.0,6.056338448663207,0.07476961047732354,0.27344032342967184,0.44976930774807933,0.5359331858431408,0.7043355978620377,0.2461811035812175,0.0,0.0,0.0,0.0,0.0,0.0,0.0,0.0,0.0
262,262,0.5053663441106969,2023-08-18,432.99,2.1881857333649064,0.0030912783553074,0.0009323537493143,-0.5122857907065413,1.999640380436396,27.99999999999997,75.25342710546597,77.5073275862069,0.0,80.0,6.037945911794663,0.07547432389743328,0.2747259068552387,0.45188390430837166,0.5384528830563734,0.7076470413217695,0.5053663441106969,0.5053663441106969,950.02,0.5053663441106969,0.0,0.0,0.0,0.0,0.0,0.0
263,263,-0.030443848224552,2023-08-21,469.6699999999999,-0.1429856219562537,0.0098363352960481,0.001020311205446,0.5486375614719746,1.1970524990666147,25.0,58.00875118365896,57.84,0.0009268278947195581,81.0,6.038872739689381,0.07455398444060965,0.27304575521441393,0.4491203007881326,0.5351598463517909,0.7033192574909274,0.0,0.0,0.0,0.0,0.0,0.0,0.0,0.0,0.0,0.0
264,264,-0.0738028925067512,2023-08-22,456.6800000000001,-0.3370430494998319,0.0129672388939689,0.0020032253683967,0.4186108118830157,1.2503716364911848,23.999999999999982,44.16095073498937,43.75725806451614,0.005446866942363073,82.0,6.044319606631745,0.07371121471502128,0.2714980933911347,0.44657462362481737,0.532126484917916,0.6993327448145408,0.0,0.0,0.0,0.0,0.0,0.0,0.0,0.0,0.0,0.0
265,265,0.1355251297965276,2023-08-23,471.1599999999999,0.6385402015493192,0.0103600324888143,0.001642471793712,0.0727292724052256,1.999823332161205,22.99999999999996,54.36141204856396,55.7328125,0.0,81.0,5.8710803788289665,0.07248247381270329,0.2692256930768371,0.4428368577259593,0.5276726621434352,0.6934794294955793,0.1355251297965276,0.0,0.0,0.0,0.0,0.0,0.0,0.0,0.0,0.0
266,266,0.2584823092420875,2023-08-24,471.63,1.2190801150784571,0.0204715164568933,0.0015945583337025,-0.999984606942298,1.7640675870188398,21.999999999999996,41.75999883228996,42.97907894736842,0.0,81.0,5.8710803788289665,0.07248247381270329,0.2692256930768371,0.4428368577259593,0.5276726621434352,0.6934794294955793,0.2584823092420875,0.0,0.0,0.0,0.0,0.0,0.0,0.0,0.0,0.0
267,267,-0.0917421091014651,2023-08-25,460.18000000000006,-0.4221788376631225,0.0146112502563817,0.0017386396406958,-0.5094441413506399,1.3033703255863,20.999999999999982,49.22905944955505,48.42929292929293,0.008416614582385126,82.0,5.879496993411352,0.0717011828464799,0.26777076548137196,0.4404437147936067,0.5248210564562101,0.6897317843606383,0.0,0.0,0.0,0.0,0.0,0.0,0.0,0.0,0.0,0.0
268,268,-0.1348755975999055,2023-08-28,468.3499999999999,-0.6316898613591575,0.0152496779767994,0.0008394617383428,-0.0641808503633623,0.6776000822562015,10.999999999999975,38.24303528005644,37.19681159420289,0.018191426827931633,83.0,5.897688420239284,0.07105648699083475,0.2665642267650233,0.43845913520996327,0.5224562840262136,0.6866239465792011,0.0,0.0,0.0,0.0,0.0,0.0,0.0,0.0,0.0,0.0
269,269,0.0650299357608591,2023-08-29,487.8399999999999,0.317242038615775,0.0249760230172364,0.0010522258145276,0.0411248827059668,0.3662887097349165,10.000000000000004,46.29050851167763,46.819,0.0,83.0,5.897688420239284,0.07105648699083475,0.2665642267650233,0.43845913520996327,0.5224562840262136,0.6866239465792011,0.0650299357608591,0.0,0.0,0.0,0.0,0.0,0.0,0.0,0.0,0.0
270,270,0.0807963278604179,2023-08-30,492.63999999999993,0.398035029571563,0.0249410985825964,0.0004349629577147,-0.0107861505199401,0.9810853610909824,8.999999999999986,37.38808436099461,38.007666666666665,0.0,83.0,5.897688420239284,0.07105648699083475,0.2665642267650233,0.43845913520996327,0.5224562840262136,0.6866239465792011,0.0807963278604179,0.0,0.0,0.0,0.0,0.0,0.0,0.0,0.0,0.0
271,271,0.0677945802756895,2023-08-31,493.55000000000007,0.334600150950666,0.0473959446158577,0.0007170717052765,0.2029842019899956,0.3243741919130892,7.999999999999968,43.53316610747665,44.20192307692308,0.0,83.0,5.897688420239284,0.07105648699083475,0.2665642267650233,0.43845913520996327,0.5224562840262136,0.6866239465792011,0.0677945802756895,0.0,0.0,0.0,0.0,0.0,0.0,0.0,0.0,0.0
272,272,0.0781856129223837,2023-09-01,485.0899999999999,0.379270589725191,0.0126494798872753,0.0008200831506675,-0.9999790683167418,0.091651428084153,13.999999999999986,50.16868282911922,51.13077380952382,0.0,83.0,5.897688420239284,0.07105648699083475,0.2665642267650233,0.43845913520996327,0.5224562840262136,0.6866239465792011,0.0781856129223837,0.0,0.0,0.0,0.0,0.0,0.0,0.0,0.0,0.0
273,273,0.0754035309408903,2023-09-05,485.4800000000002,0.3660690620118347,0.0358064778419202,0.0005153807624214,-0.999978628706254,0.5593142332097127,10.000000000000002,38.64845159633199,39.391282051282055,0.0,83.0,5.897688420239284,0.07105648699083475,0.2665642267650233,0.43845913520996327,0.5224562840262136,0.6866239465792011,0.0754035309408903,0.0,0.0,0.0,0.0,0.0,0.0,0.0,0.0,0.0
274,274,0.1256172353359867,2023-09-06,470.61,0.5911672712146873,0.0256891916448068,0.0012041732353205,-0.3302428759152091,0.5848386063282279,8.999999999999984,30.366230336300344,31.181625000000004,0.0,83.0,5.897688420239284,0.07105648699083475,0.2665642267650233,0.43845913520996327,0.5224562840262136,0.6866239465792011,0.1256172353359867,0.0,0.0,0.0,0.0,0.0,0.0,0.0,0.0,0.0
275,275,0.0742101533511205,2023-09-07,462.41000000000014,0.3431551701109166,0.0150232334000997,0.000511634577781,-0.2671440069115848,0.376110348604329,7.999999999999968,34.53127277542698,35.14368421052632,0.0,82.0,5.895761341577116,0.07189952855581849,0.26814087445933804,0.4410524898883815,0.5255464567233786,0.6906851219115898,0.0742101533511205,0.0,0.0,0.0,0.0,0.0,0.0,0.0,0.0,0.0
276,276,-0.1925538119229443,2023-09-08,455.72000000000014,-0.8775062316952421,0.0162162534687489,0.0012032653397176,-0.34008562635761,0.8744799638726581,13.999999999999986,37.2540004160828,36.12008620689655,0.037076970486056605,82.0,4.990273176710819,0.06085698995988803,0.24669209545481596,0.4057723879491128,0.48350762236215644,0.6354367284263974,0.0,0.0,0.0,0.0,0.0,0.0,0.0,0.0,0.0,0.0
277,277,0.0168687679423398,2023-09-11,451.7799999999999,0.0762097198099027,0.015901169653371,0.0004562906149472,-0.9052596834342372,0.1414722850889905,10.999999999999975,31.39682688665656,31.61,0.0,81.0,4.990092223920538,0.06160607683852516,0.24820571475799094,0.40826207014976396,0.48647426168268404,0.6393355533819328,0.0168687679423398,0.0,0.0,0.0,0.0,0.0,0.0,0.0,0.0,0.0
278,278,0.0288494157337251,2023-09-12,448.7000000000001,0.1294473283972247,0.019926580276127,0.0003808204983356,-0.4583472507044128,0.6706807860102719,10.000000000000004,24.536492448166545,24.819272727272725,0.0,81.0,4.990092223920538,0.06160607683852516,0.24820571475799094,0.40826207014976396,0.48647426168268404,0.6393355533819328,0.0288494157337251,0.0,0.0,0.0,0.0,0.0,0.0,0.0,0.0,0.0
279,279,-0.0484448347137631,2023-09-13,454.8499999999999,-0.2203513306955514,0.0173822038444047,0.0005126348517689,-0.5990355446003296,0.6016687124545494,8.999999999999986,29.71230725963652,29.369661016949152,0.0023469020104438265,82.0,4.992439125930982,0.060883403974768074,0.24674562604992226,0.4058604379426263,0.4836125404006358,0.6355746141019086,0.0,0.0,0.0,0.0,0.0,0.0,0.0,0.0,0.0,0.0
280,280,-0.1020338307642579,2023-09-14,455.8100000000001,-0.4650804040065641,0.0183565408155813,0.000311819855626,-0.2862299525972989,0.2634529626415687,7.999999999999968,35.45888243230955,34.74509433962264,0.010410902620429222,83.0,5.0028500285514115,0.06027530154881219,0.24551028807121747,0.4038284877878428,0.4811913224536399,0.632392594336574,0.0,0.0,0.0,0.0,0.0,0.0,0.0,0.0,0.0,0.0
281,281,-0.0263817637487727,2023-09-15,439.0,-0.1158159428571124,0.0503791296813256,0.0014284388612376,-0.9998165316263884,1.99964995265394,35.0,79.81406573369294,80.0675,0.0006959974584960574,84.0,5.003546026009907,0.05956602411916556,0.24406151707953788,0.40144547156755656,0.47835178348810153,0.6286608075620741,0.0,0.0,0.0,0.0,0.0,0.0,0.0,0.0,0.0,0.0
282,282,-0.0190534948060773,2023-09-18,439.66,-0.0837705952643998,0.0302541908103329,0.0014819673774666,-0.2391289067795437,0.873368243998382,10.999999999999975,26.221040116863808,26.086666666666662,0.0003630356643252146,84.0,5.00340945559203,0.0595643982808575,0.2440581862606897,0.4014399928580934,0.47834525520312005,0.6286522279412802,0.0,0.0,0.0,0.0,0.0,0.0,0.0,0.0,0.0,0.0
283,283,-0.1483331463274351,2023-09-19,435.19999999999993,-0.6455458528169977,0.0156544960002221,0.0004217667417498,-0.9999835487882384,0.9150639737208808,10.0,34.40425221472491,33.5175,0.022002722299396274,85.0,5.025412177891427,0.05912249621048738,0.2431511797431536,0.3999480998980555,0.4765675550950062,0.6263159339749008,0.0,0.0,0.0,0.0,0.0,0.0,0.0,0.0,0.0,0.0
284,284,-0.0079829274392072,2023-09-20,422.38999999999993,-0.0337190872104673,0.0151672717449652,0.0002988131275696,-0.6295108406463382,5.816962493687683e-05,8.999999999999984,25.633192937552295,25.70375,6.372713049964722e-05,85.0,4.869392406665619,0.057286969490183755,0.23934696465629923,0.3936907229147396,0.4691114305353277,0.6165169252771785,0.0,0.0,0.0,0.0,0.0,0.0,0.0,0.0,0.0,0.0
285,285,0.0814607065749711,2023-09-21,410.1699999999999,0.3341273801585589,0.0112485552985729,0.00039721902883,-0.1889408093315973,0.3925551410495984,7.999999999999968,24.26716976465996,24.821101694915257,0.0,84.0,4.674898822050228,0.055653557405359856,0.23591006211130516,0.38803752129812735,0.4623752253287653,0.607664050988341,0.0814607065749711,0.0,0.0,0.0,0.0,0.0,0.0,0.0,0.0,0.0
286,286,0.0765257757890721,2023-09-22,416.1,0.318423753058329,0.1085355397256062,0.0024923330274541,-0.6791292179315152,1.6364000255652262,55.99999999999997,45.28546377755493,45.90479166666668,0.0,84.0,4.674898822050228,0.055653557405359856,0.23591006211130516,0.38803752129812735,0.4623752253287653,0.607664050988341,0.0765257757890721,0.0,0.0,0.0,0.0,0.0,0.0,0.0,0.0,0.0
287,287,0.0506426570413551,2023-09-25,422.22000000000014,0.2138234265600096,0.0420348898172963,0.0002845513237459,-0.5942619012611736,0.9500083949565388,10.999999999999975,34.067382918048025,34.46359375,0.0,84.0,4.674898822050228,0.055653557405359856,0.23591006211130516,0.38803752129812735,0.4623752253287653,0.607664050988341,0.0506426570413551,0.0,0.0,0.0,0.0,0.0,0.0,0.0,0.0,0.0
288,288,0.0550229509788491,2023-09-26,419.1100000000001,0.2306066898474546,0.0176204999138322,0.0011818286323874,-0.8716531907784165,0.0066505878082178,10.000000000000004,29.48650382986007,29.82241935483871,0.0,84.0,4.674898822050228,0.055653557405359856,0.23591006211130516,0.38803752129812735,0.4623752253287653,0.607664050988341,0.0550229509788491,0.0,0.0,0.0,0.0,0.0,0.0,0.0,0.0,0.0
289,289,0.0098471154903323,2023-09-27,424.68,0.0418187300643432,0.016667628610906,0.0004438309512231,-0.4092259211545724,0.658872562537848,8.999999999999984,35.43721603076936,35.678461538461534,0.0,84.0,4.674898822050228,0.055653557405359856,0.23591006211130516,0.38803752129812735,0.4623752253287653,0.607664050988341,0.0098471154903323,0.0,0.0,0.0,0.0,0.0,0.0,0.0,0.0,0.0
290,290,0.2068356970691328,2023-09-28,430.8899999999999,0.8912343351011862,0.0117356073449605,0.0004753936117696,-0.406527676347671,0.4842589005258649,7.999999999999968,31.908922150070136,33.023727272727264,0.0,83.0,4.674521113534013,0.0563195314883616,0.23731736448975158,0.3903523277195324,0.46513348730587784,0.6112890216936974,0.2068356970691328,0.0,0.0,0.0,0.0,0.0,0.0,0.0,0.0,0.0
291,291,-0.8335767017854228,2023-09-29,434.99,-3.6259752950964095,0.0186320436438049,0.0014225413420624,-0.9999783072147648,1.6550599760798126,20.99999999999998,43.879195634079466,40.25322033898305,0.6948501177594636,83.0,5.351421404605841,0.06447495668199808,0.25391919321311274,0.4176599059091801,0.4976724736811683,0.6540524986118309,0.0,0.0,0.0,0.0,0.0,0.0,0.0,0.0,0.0,0.0
292,292,-0.2156357609134648,2023-10-02,447.82,-0.9656600645226782,0.0131952817881658,0.00045169805551,-0.8228350533329446,0.5252504502378043,10.999999999999975,35.04773955737725,33.980625,0.04649878138472896,84.0,5.39792018599057,0.06426095459512583,0.25349744494792414,0.4169661917455242,0.4968458622708564,0.6529661470716371,0.0,0.0,0.0,0.0,0.0,0.0,0.0,0.0,0.0,0.0
293,293,-0.0943168255806669,2023-10-03,435.1699999999998,-0.410438529879388,0.0141300366557411,0.0010887908641304,-0.9999832436360347,4.9866975274426295e-05,16.99999999999999,41.38947322870036,40.94731481481482,0.008895663587613942,85.0,5.406815849578184,0.06360959823033158,0.25220943326991474,0.41484760106539453,0.494321405770291,0.6496484488481074,0.0,0.0,0.0,0.0,0.0,0.0,0.0,0.0,0.0,0.0
294,294,0.0090673165532999,2023-10-04,440.41,0.0399333688323882,0.0148065718637274,0.0005194063972706,-0.2170434886845934,0.2989519421055718,8.999999999999986,33.1473378271346,33.224673913043475,0.0,85.0,5.406815849578184,0.06360959823033158,0.25220943326991474,0.41484760106539453,0.494321405770291,0.6496484488481074,0.0090673165532999,0.0,0.0,0.0,0.0,0.0,0.0,0.0,0.0,0.0
295,295,0.0386900021728828,2023-10-05,446.8800000000001,0.1728978817101787,0.0167110977477995,0.0002903973003942,-0.4435385247783505,0.091236889668025,7.999999999999968,33.26287129967648,33.61772727272727,0.0,84.0,5.4056149743800415,0.06435255921881002,0.25367806215518524,0.41726328061397744,0.49719986549207634,0.6534313861668255,0.0386900021728828,0.0,0.0,0.0,0.0,0.0,0.0,0.0,0.0,0.0
296,296,0.1718929991692753,2023-10-06,457.62,0.7866167427984375,0.0217425078497552,0.0003888199352875,-0.7099301745104372,0.7604979871139422,13.999999999999982,46.77337796803511,47.68776785714285,0.0,83.0,5.401035514133089,0.06507271703774806,0.2550935456607008,0.4195915437919147,0.49997416218359736,0.6570774300590225,0.1718929991692753,0.0,0.0,0.0,0.0,0.0,0.0,0.0,0.0,0.0
297,297,0.049253958826994,2023-10-10,457.98,0.2255732806358674,0.0162665748624899,0.0005287509837694,-0.3848282940661465,0.4026883806904157,10.0,38.02302809987519,38.411632653061226,0.0,83.0,5.401035514133089,0.06507271703774806,0.2550935456607008,0.4195915437919147,0.49997416218359736,0.6570774300590225,0.049253958826994,0.0,0.0,0.0,0.0,0.0,0.0,0.0,0.0,0.0
298,298,-0.0705652817349446,2023-10-11,468.0600000000001,-0.3302878576885819,0.0229741978147744,0.0006306137263114,-0.7177204807589592,0.2674081056247973,8.999999999999988,38.4576485113726,38.00584905660378,0.004979458986332105,83.0,5.22887292306488,0.06299846895258891,0.25099495802224575,0.41284996704942345,0.4919410780247444,0.6465201679167267,0.0,0.0,0.0,0.0,0.0,0.0,0.0,0.0,0.0,0.0
299,299,0.0069342168110796,2023-10-12,469.45,0.0325526808196134,0.0144327535614308,0.0002399312116913,-0.503700165437894,0.0047392190876128,7.999999999999968,40.2901257377424,40.45658333333333,0.0,83.0,5.22887292306488,0.06299846895258891,0.25099495802224575,0.41284996704942345,0.4919410780247444,0.6465201679167267,0.0069342168110796,0.0,0.0,0.0,0.0,0.0,0.0,0.0,0.0,0.0
300,300,0.1586860953722651,2023-10-13,454.61000000000007,0.7214028581718548,0.0046578801673805,0.0004168138348788,-0.9999791455163995,0.9693812238417104,13.999999999999982,34.45884312763849,35.267500000000005,0.0,82.0,5.226966423741453,0.06374349297245674,0.25247473729554953,0.4152839873542048,0.49484139210548866,0.650331826731687,0.1586860953722651,0.0,0.0,0.0,0.0,0.0,0.0,0.0,0.0,0.0
301,301,-0.0304215404224713,2023-10-16,460.94999999999993,-0.1402280905773817,0.0061963577654102,0.0006644548449318,-0.7182018074423263,0.0425586675384207,10.999999999999975,43.38053578654575,43.11732142857142,0.0009254701216760554,82.0,5.227836378705509,0.06375410217933547,0.25249574685395293,0.4153185450025452,0.4948825700832904,0.6503859437678771,0.0,0.0,0.0,0.0,0.0,0.0,0.0,0.0,0.0,0.0
302,302,0.0973962958557527,2023-10-17,439.38000000000005,0.4279398447310062,0.0226288909472779,0.0005629806030413,-0.4997891732901337,0.4711351618240282,10.0,27.830095113456785,28.3825,0.0,81.0,5.224252014342392,0.0644969384486715,0.2539624744891881,0.41773109727311175,0.4977573034234809,0.6541639837910407,0.0973962958557527,0.0,0.0,0.0,0.0,0.0,0.0,0.0,0.0,0.0
303,303,-0.6344218299443279,2023-10-18,421.9599999999999,-2.677006353633085,0.0265676359920195,0.0013157576420902,-0.5316508784902355,0.3023348709575965,8.999999999999988,31.52637143299816,28.84936507936508,0.4024910583099098,82.0,5.626743072652301,0.0686188179591744,0.26195193826191554,0.4308725957370799,0.5134163646738142,0.6747434786964744,0.0,0.0,0.0,0.0,0.0,0.0,0.0,0.0,0.0,0.0
304,304,0.0749056779914531,2023-10-19,421.0099999999999,0.3153603949118167,0.0225649375645669,0.0007359157808033,-0.5221615969312012,0.2815652242839643,7.999999999999968,21.36555086223868,21.75703703703704,0.0,81.0,5.592271155050725,0.06904038463025587,0.26275537031668045,0.432194123866369,0.5149910625651785,0.6768129825265484,0.0749056779914531,0.0,0.0,0.0,0.0,0.0,0.0,0.0,0.0,0.0
305,305,0.2430263529874111,2023-10-20,413.8699999999999,1.0058131671089985,0.0209172450534456,0.0031094792029066,-0.6074208303852523,1.1334494704943818,27.99999999999997,47.26049118071708,48.266304347826086,0.0,81.0,5.592271155050725,0.06904038463025587,0.26275537031668045,0.432194123866369,0.5149910625651785,0.6768129825265484,0.2430263529874111,0.0,0.0,0.0,0.0,0.0,0.0,0.0,0.0,0.0
306,306,0.1637358630686424,2023-10-23,429.75,0.7036548715374908,0.017509382334165,0.0007837914281949,-0.9993386532202068,0.0800956048945099,10.999999999999975,37.30250776680026,38.25525423728814,0.0,81.0,5.592271155050725,0.06904038463025587,0.26275537031668045,0.432194123866369,0.5149910625651785,0.6768129825265484,0.1637358630686424,0.0,0.0,0.0,0.0,0.0,0.0,0.0,0.0,0.0
307,307,0.089917350644161,2023-10-24,436.63000000000017,0.3926061281176006,0.0217259143125293,0.0004628329226397,-0.9999796256291664,4.87628447600752e-05,10.000000000000004,30.772182679446885,31.382553191489368,0.0,80.0,5.582247297176094,0.06977809121470117,0.2641554300306946,0.43449701716491385,0.5177351291808516,0.6804192973646244,0.089917350644161,0.0,0.0,0.0,0.0,0.0,0.0,0.0,0.0,0.0
308,308,0.1913742856386854,2023-10-25,417.7900000000001,0.7995426279698639,0.0233626048585957,0.00085119175234,-0.7517185781272404,0.3718018339827056,8.999999999999986,22.06195652176787,23.0130612244898,0.0,80.0,5.582247297176094,0.06977809121470117,0.2641554300306946,0.43449701716491385,0.5177351291808516,0.6804192973646244,0.1913742856386854,0.0,0.0,0.0,0.0,0.0,0.0,0.0,0.0,0.0
309,309,0.0268104852031846,2023-10-26,403.2599999999999,0.1081159626303623,0.0284448574013593,0.001416815491403,-0.3216412369027379,0.2695211248087629,7.999999999999968,26.572633110752943,26.72508333333333,0.0,80.0,5.582247297176094,0.06977809121470117,0.2641554300306946,0.43449701716491385,0.5177351291808516,0.6804192973646244,0.0268104852031846,0.0,0.0,0.0,0.0,0.0,0.0,0.0,0.0,0.0
310,310,-0.1408316603906929,2023-10-27,405.0,-0.5703682245823065,0.0145890441991798,0.0008001474754934,-0.9846596574556205,1.2862016132814944,20.99999999999998,36.34265303607282,35.723671875,0.019833556568399458,81.0,5.602080853744494,0.06916149202153696,0.2629857258893284,0.43257302506552747,0.5154425511912065,0.6774063391608107,0.0,0.0,0.0,0.0,0.0,0.0,0.0,0.0,0.0,0.0
311,311,-0.0743256670933825,2023-10-30,411.61000000000007,-0.305931878323072,0.0186784788078262,0.0003348766114281,-0.7542252298874621,0.6150057342553314,10.999999999999975,26.35027355152093,25.950384615384618,0.005524304788876322,81.0,5.605837783698372,0.0692078738728194,0.2630738943202449,0.43271804922890317,0.5156153581403763,0.6776334459888135,0.0,0.0,0.0,0.0,0.0,0.0,0.0,0.0,0.0,0.0
312,312,-0.1711177646122359,2023-10-31,407.8,-0.6978182440886981,0.0230168992620418,0.0015267867088632,-0.7140473906574958,0.0885150229844232,10.000000000000004,25.383292077070188,24.665094339622645,0.029281289365888575,81.0,5.613007720792987,0.06929639161472823,0.2632420779714524,0.4329946867175857,0.5159449920395314,0.6780666583659716,0.0,0.0,0.0,0.0,0.0,0.0,0.0,0.0,0.0,0.0
313,313,-0.0456544419557775,2023-11-01,423.25,-0.1932324255778282,0.0437650722839554,0.0011522595687792,-0.6430162004951474,0.594965083951972,8.999999999999986,30.57619181547688,30.29884615384616,0.002084328070293457,82.0,5.61509204886328,0.06847673230321073,0.26168059214089745,0.4304262710857641,0.5128845360492741,0.6740445374065517,0.0,0.0,0.0,0.0,0.0,0.0,0.0,0.0,0.0,0.0
314,314,0.0454380298054345,2023-11-02,435.0600000000001,0.1976826924715237,0.0131646483825214,0.0007734740630086,-0.3113291668784576,0.1887037276088446,7.999999999999968,32.43980075507825,32.79754901960785,0.0,81.0,5.613994161696578,0.06930856989748861,0.26326520829287076,0.4330327327106633,0.5159903266364623,0.6781262381256815,0.0454380298054345,0.0,0.0,0.0,0.0,0.0,0.0,0.0,0.0,0.0
315,315,0.2824261409678611,2023-11-03,450.05,1.271058847425859,0.0137621957164161,0.0008765617808927,-0.5195737488619033,0.3811331256371103,13.999999999999986,50.10489000406946,51.376333333333335,0.0,80.0,5.613115455424657,0.0701639431928082,0.2648847734257449,0.43569668029355546,0.5191646159675124,0.6822979614539447,0.2824261409678611,0.0,0.0,0.0,0.0,0.0,0.0,0.0,0.0,0.0
316,316,0.0933315301560394,2023-11-06,457.5099999999999,0.427001083616896,0.0249747000989548,0.0003704036061874,-0.4159652527685067,0.4902743926948203,10.99999999999998,43.39318410156828,43.82018518518518,0.0,80.0,5.613115455424657,0.0701639431928082,0.2648847734257449,0.43569668029355546,0.5191646159675124,0.6822979614539447,0.0933315301560394,0.0,0.0,0.0,0.0,0.0,0.0,0.0,0.0,0.0
317,317,-0.2731753108434784,2023-11-07,459.55,-1.255377140981205,0.0224434348058888,0.0004350690673344,-0.3220208808051866,0.4302976493551513,10.000000000000004,35.16148825209231,33.90611111111111,0.07462475045443105,80.0,5.687347465295257,0.07109184331619071,0.26663053710366846,0.43856820601098817,0.5225862499017607,0.6867947506926115,0.0,0.0,0.0,0.0,0.0,0.0,0.0,0.0,0.0,0.0
318,318,0.0606463507646978,2023-11-08,465.74,0.2824543140515035,0.0213637383998093,0.0006442421006477,-0.3934231939378324,0.4457661832099643,8.999999999999986,40.327012555596376,40.8306,0.0,80.0,5.687347465295257,0.07109184331619071,0.26663053710366846,0.43856820601098817,0.5225862499017607,0.6867947506926115,0.0606463507646978,0.0,0.0,0.0,0.0,0.0,0.0,0.0,0.0,0.0
319,319,0.159374334098438,2023-11-09,469.5,0.7482624985921668,0.0166891120613917,0.0003523770316058,-0.1804014541745715,0.3900963780926351,7.999999999999968,44.66946477413511,45.41772727272729,0.0,80.0,5.687347465295257,0.07109184331619071,0.26663053710366846,0.43856820601098817,0.5225862499017607,0.6867947506926115,0.159374334098438,0.0,0.0,0.0,0.0,0.0,0.0,0.0,0.0,0.0
320,320,0.3065972567901019,2023-11-10,483.3499999999999,1.4819378406949577,0.0033605198042447,0.0014777172668948,-0.9997017544721736,1.0820927120657995,13.999999999999986,49.04506215930504,50.527,0.0,80.0,5.687347465295257,0.07109184331619071,0.26663053710366846,0.43856820601098817,0.5225862499017607,0.6867947506926115,0.3065972567901019,0.0,0.0,0.0,0.0,0.0,0.0,0.0,0.0,0.0
321,321,-0.0903591954338306,2023-11-13,486.1999999999997,-0.4393264081992843,0.0129567061617156,0.0010880709235882,-0.9429517352574556,0.6411735904504928,10.999999999999972,43.68444714389268,43.245961538461536,0.008164784199449193,81.0,5.695512249494707,0.07031496604314452,0.26516969291973114,0.43616533115662787,0.5197230479142187,0.6830318654357068,0.0,0.0,0.0,0.0,0.0,0.0,0.0,0.0,0.0,0.0
322,322,0.0204410503602698,2023-11-14,496.55999999999983,0.1015020796689559,0.018493117726567,0.0010598886816119,-0.999983609045019,4.711053097194995e-05,10.000000000000002,46.39166916535825,46.70371794871795,0.0,80.0,5.694258979162519,0.07117823723953148,0.26679249846937503,0.4388346087507966,0.5229036883454325,0.6872119355244414,0.0204410503602698,0.0,0.0,0.0,0.0,0.0,0.0,0.0,0.0,0.0
323,323,0.0462667437313741,2023-11-15,488.88,0.2261888567539419,0.0062983303866887,0.0005735551503971,-0.461877767423063,1.0326045928869974,8.999999999999986,45.97626353994092,46.34007142857144,0.0,80.0,5.694258979162519,0.07117823723953148,0.26679249846937503,0.4388346087507966,0.5229036883454325,0.6872119355244414,0.0462667437313741,0.0,0.0,0.0,0.0,0.0,0.0,0.0,0.0,0.0
324,324,-0.2649439339973637,2023-11-16,494.8000000000002,-1.3109425854189565,0.018516549220872,0.0005225116117493,-0.9999795129058414,1.9998314538931603,7.999999999999968,42.99019283826224,41.629507042253536,0.07019528816199942,81.0,5.764454267324518,0.07116610206573479,0.26676975478066245,0.43879719871192746,0.5228591115346803,0.6871533516645847,0.0,0.0,0.0,0.0,0.0,0.0,0.0,0.0,0.0,0.0
325,325,-0.0180894313507619,2023-11-17,492.98,-0.0891772786729863,0.0058169287090489,0.0013322870127814,-0.9999562718926648,0.3990654777882209,27.99999999999997,79.31878215117783,79.32407407407408,0.00032722752659392756,82.0,5.764781494851112,0.07030221335184283,0.2651456455456941,0.4361257767462244,0.5196759159271834,0.6829699235049888,0.0,0.0,0.0,0.0,0.0,0.0,0.0,0.0,0.0,0.0
326,326,0.0813432681461596,2023-11-20,504.09,0.4100432803979764,0.0037456665138508,0.0002867455526863,-0.9999592429431864,0.4832447216875205,25.0,61.55278174733957,62.10312499999999,0.0,82.0,5.764781494851112,0.07030221335184283,0.2651456455456941,0.4361257767462244,0.5196759159271834,0.6829699235049888,0.0813432681461596,0.0,0.0,0.0,0.0,0.0,0.0,0.0,0.0,0.0
327,327,-0.0143091165629098,2023-11-21,499.4400000000001,-0.0714654517617968,0.0165964371017792,0.0010150808324043,-0.9999732523358508,1.8724678400187744,10.000000000000002,39.43985092849338,39.32789855072464,0.0002047508168109396,82.0,5.7646951990347945,0.07030116096383895,0.26514366099124254,0.43612251244463685,0.519672026271933,0.682964811631478,0.0,0.0,0.0,0.0,0.0,0.0,0.0,0.0,0.0,0.0
328,328,-0.4050060795189728,2023-11-22,487.16,-1.9730276169846277,0.0261254363719735,0.000649250701934,-0.192116382549319,0.4142939985349697,8.999999999999984,45.79073595031795,43.817708333333336,0.1640299244473285,83.0,5.928725123482123,0.0714304231744834,0.26726470618935716,0.4396113213316837,0.5238291984698193,0.6884282620069333,0.0,0.0,0.0,0.0,0.0,0.0,0.0,0.0,0.0,0.0
329,329,0.1017395316488695,2023-11-24,477.7600000000001,0.486070786405639,0.0086741745768145,0.001554277351464,-0.9999783186204544,1.3639634045961504,20.99999999999998,56.44824820874378,56.94253521126761,0.0,82.0,5.905073037624275,0.07201308582468628,0.26835254018675936,0.4414006490278318,0.5259613139258859,0.6912303366948387,0.1017395316488695,0.0,0.0,0.0,0.0,0.0,0.0,0.0,0.0,0.0
330,330,0.2417816443032491,2023-11-27,482.4199999999999,1.166403008447734,0.0197040620182546,0.0007847375257478,-0.1787919074713565,0.8045342079449824,17.99999999999997,34.79685089816368,35.96335443037975,0.0,81.0,5.9041820476246025,0.07289113639042719,0.2699835854092378,0.4440834796777473,0.5291581038190997,0.695431630774312,0.2417816443032491,0.0,0.0,0.0,0.0,0.0,0.0,0.0,0.0,0.0
331,331,0.0691684669611009,2023-11-28,478.2099999999999,0.3307705258546808,0.0108765604251955,0.000309884843447,-0.1331182295734519,0.3543562776680563,10.000000000000004,27.0728977474727,27.47988636363636,0.0,81.0,5.9041820476246025,0.07289113639042719,0.2699835854092378,0.4440834796777473,0.5291581038190997,0.695431630774312,0.0691684669611009,0.0,0.0,0.0,0.0,0.0,0.0,0.0,0.0,0.0
332,332,-0.0203974204456861,2023-11-29,481.4000000000001,-0.0981931820255331,0.0454767279895227,0.0008771538716249,-0.7354798988331149,0.8966598683865493,8.999999999999984,27.38069631846521,27.368214285714284,0.0004160547608380933,81.0,5.891659078168112,0.07273653182923595,0.2696971112734357,0.4436122716564455,0.5285966248304254,0.6946937223006042,0.0,0.0,0.0,0.0,0.0,0.0,0.0,0.0,0.0,0.0
333,333,0.1296482179138731,2023-11-30,467.7,0.6063647151831848,0.037081957539531,0.0004941525851337,-0.5895866088458233,0.3562690574107583,7.999999999999968,33.217294023210485,33.90642857142858,0.0,81.0,5.891659078168112,0.07273653182923595,0.2696971112734357,0.4436122716564455,0.5285966248304254,0.6946937223006042,0.1296482179138731,0.0,0.0,0.0,0.0,0.0,0.0,0.0,0.0,0.0
334,334,-0.225023272951475,2023-12-01,467.6500000000001,-1.0523213359575732,0.0147308798195439,0.0005642226222907,-0.4443465100024203,0.3240947782488197,13.999999999999986,46.70467427713405,45.65235294117648,0.05063547336979402,81.0,5.927738679528733,0.07318195900652756,0.2705216423995085,0.44496850466970067,0.5302126761416602,0.6968175737368306,0.0,0.0,0.0,0.0,0.0,0.0,0.0,0.0,0.0,0.0
335,335,0.0879266212979413,2023-12-04,455.0999999999999,0.400154053526931,0.0735682043246301,0.0006517968739407,-0.1865070469267604,0.5803875123070034,10.999999999999975,39.85375898995134,40.253913043478256,0.0,80.0,5.925592655813859,0.07406990819767324,0.27215787366466776,0.44765986560072935,0.5334196304917509,0.7010322261770108,0.0879266212979413,0.0,0.0,0.0,0.0,0.0,0.0,0.0,0.0,0.0
336,336,-0.0300719986889671,2023-12-05,465.66,-0.1400332690950445,0.0287043069620258,0.0004450858025951,-0.4053608905348295,0.5669479757061224,10.000000000000004,32.74960012207741,32.59213114754099,0.000904325105149239,81.0,5.9264969809190085,0.07316662939406184,0.2704933074847913,0.44492189788245873,0.5301571407293095,0.6967445878331885,0.0,0.0,0.0,0.0,0.0,0.0,0.0,0.0,0.0,0.0
337,337,-0.3546161699613985,2023-12-06,455.0299999999999,-1.6136099581753511,0.0542168348022499,0.0005618654623578,-0.3286167294604283,0.9034159927932468,8.999999999999984,28.27657870817535,26.66296875,0.12575262799809148,81.0,5.903905779492676,0.07288772567274908,0.2699772688074851,0.4440730897924445,0.5291457235071598,0.6954153602864187,0.0,0.0,0.0,0.0,0.0,0.0,0.0,0.0,0.0,0.0
338,338,-0.1732023306180226,2023-12-07,465.9599999999999,-0.807053579747738,0.0296559425203501,0.0008421676947504,-0.0978959049426258,0.8977655297125815,7.999999999999968,36.995704373398524,36.18865079365079,0.029999047331514806,82.0,5.9339048268241905,0.0723646930100511,0.2690068642433704,0.4424769163255501,0.5272437655110617,0.6929157637738743,0.0,0.0,0.0,0.0,0.0,0.0,0.0,0.0,0.0,0.0
339,339,-0.0960095242986755,2023-12-08,475.0600000000001,-0.4561028461332879,0.0107843447443716,0.0004872105416872,-0.6011691050650055,0.4228871646550093,13.999999999999986,27.63099556944095,27.158488372093025,0.009217828756057962,83.0,5.9431226555802485,0.0716038874166295,0.26758902708562154,0.44014478173420035,0.5244648557459313,0.6892636572752844,0.0,0.0,0.0,0.0,0.0,0.0,0.0,0.0,0.0,0.0
340,340,0.0283950377824245,2023-12-11,466.27,0.1323975426681108,0.0104174303492324,0.000640757382147,-0.3231238717549844,0.5749721887158783,10.999999999999975,32.71585638108494,32.874700000000004,0.0,82.0,5.768807841062963,0.07035131513491419,0.2652382233670596,0.4362780537114727,0.519857365122827,0.6832083881701208,0.0283950377824245,0.0,0.0,0.0,0.0,0.0,0.0,0.0,0.0,0.0
341,341,0.1427218825857908,2023-12-12,476.57,0.6801696758391035,0.0119549721888976,0.0010677366146083,-0.2965865147225523,0.3494367247536314,10.000000000000004,39.85668913366076,40.61340425531915,0.0,82.0,5.768807841062963,0.07035131513491419,0.2652382233670596,0.4362780537114727,0.519857365122827,0.6832083881701208,0.1427218825857908,0.0,0.0,0.0,0.0,0.0,0.0,0.0,0.0,0.0
342,342,0.1739421371355682,2023-12-13,480.88000000000005,0.8364529490575207,0.0223596498705164,0.000390911556228,-0.2381421064777521,0.7065746996164729,8.999999999999984,29.800317884275813,30.636770833333333,0.0,82.0,5.768807841062963,0.07035131513491419,0.2652382233670596,0.4362780537114727,0.519857365122827,0.6832083881701208,0.1739421371355682,0.0,0.0,0.0,0.0,0.0,0.0,0.0,0.0,0.0
343,343,0.0912327634822858,2023-12-14,483.5,0.441110411436852,0.0246068397420843,0.0015661860731314,-0.2554806352473168,0.3901616028484136,7.999999999999968,36.34472292189648,36.785833333333336,0.0,82.0,5.768807841062963,0.07035131513491419,0.2652382233670596,0.4362780537114727,0.519857365122827,0.6832083881701208,0.0912327634822858,0.0,0.0,0.0,0.0,0.0,0.0,0.0,0.0,0.0
344,344,0.1532412496705189,2023-12-15,488.9000000000001,0.7491964696391672,0.0154940244666105,0.0011918513723368,-0.1657297026093458,0.976271622645552,13.999999999999986,42.246787220576806,43.1909,0.0,82.0,5.768807841062963,0.07035131513491419,0.2652382233670596,0.4362780537114727,0.519857365122827,0.6832083881701208,0.1532412496705189,0.0,0.0,0.0,0.0,0.0,0.0,0.0,0.0,0.0
345,345,0.1622988290301508,2023-12-18,500.77,0.8127438461342864,0.009107934469829,0.0005556576018069,-0.1421293268624399,0.1640433304933425,10.99999999999998,43.84582007013844,44.66863636363636,0.0,81.0,5.768446431226458,0.07121538803983282,0.2668621142834494,0.43894911657507,0.5230401328337728,0.6873912539783246,0.1622988290301508,0.0,0.0,0.0,0.0,0.0,0.0,0.0,0.0,0.0
346,346,0.0654097936050361,2023-12-19,496.04,0.3244587401984213,0.008221636909104,0.0009970119370514,-0.9999796614140368,1.0118683796563357,10.0,36.97681618187978,37.36875,0.0,80.0,5.767476541847202,0.07209345677309002,0.2685022472402978,0.44164689521782474,0.5262547343590528,0.691615956510291,0.0654097936050361,0.0,0.0,0.0,0.0,0.0,0.0,0.0,0.0,0.0
347,347,0.0176655326182438,2023-12-20,481.1100000000001,0.0849906439796331,0.0167537884800731,0.0012378252405707,-0.9961824279323892,0.4853710519960675,8.999999999999986,24.750855513608222,24.74369565217392,0.0,80.0,5.767476541847202,0.07209345677309002,0.2685022472402978,0.44164689521782474,0.5262547343590528,0.691615956510291,0.0176655326182438,0.0,0.0,0.0,0.0,0.0,0.0,0.0,0.0,0.0
348,348,0.0242764651449279,2023-12-21,489.9,0.118930402745002,0.0071283502281975,0.0006562391487683,0.9992192161223808,1.9689625892493687,7.999999999999968,41.368225698131006,41.6503125,0.0,80.0,5.767476541847202,0.07209345677309002,0.2685022472402978,0.44164689521782474,0.5262547343590528,0.691615956510291,0.0242764651449279,0.0,0.0,0.0,0.0,0.0,0.0,0.0,0.0,0.0
349,349,0.1074750980637021,2023-12-22,488.3,0.5248009038450574,0.0086612839622739,0.0010528294658516,-0.914164218354232,1.9998382591159731,27.99999999999997,74.73737596110995,75.27523809523808,0.0,79.0,5.734564841910825,0.07258942837861804,0.26942425350851035,0.44316346057216616,0.5280618334382696,0.6939908872740086,0.1074750980637021,0.0,0.0,0.0,0.0,0.0,0.0,0.0,0.0,0.0
350,350,-0.006090401537417,2023-12-26,492.79,-0.0300128897362372,0.0057093712675409,0.000514142874533,-0.1745554122765738,0.1375116601904706,10.0,23.431808609256443,23.4039393939394,3.709299088697136e-05,79.0,5.7220709593139825,0.07243127796599978,0.26913059648802434,0.44268043775694,0.5274862762543097,0.6932344769154479,0.0,0.0,0.0,0.0,0.0,0.0,0.0,0.0,0.0,0.0
351,351,0.0570537549384683,2023-12-27,494.1699999999998,0.2819425407794287,0.0121231936422812,0.0019182781136957,-0.999977137807762,1.8009523121899391,22.99999999999997,75.9980893268136,76.28436507936507,0.0,78.0,5.72160383128506,0.07335389527288538,0.2708392424906062,0.4454909103314629,0.5308351608816985,0.6976356573582899,0.0570537549384683,0.0,0.0,0.0,0.0,0.0,0.0,0.0,0.0,0.0
352,352,-0.006120739083169,2023-12-28,495.2200000000002,-0.0303111240876697,0.0090626193222019,0.0003169030588429,-0.7336446314854627,0.4526236161018419,7.999999999999968,39.793902811704086,39.69772727272726,3.7463446924232496e-05,79.0,5.721641294731985,0.07242583917382259,0.26912049192475584,0.442663817229399,0.5274664716742239,0.6932084492852814,0.0,0.0,0.0,0.0,0.0,0.0,0.0,0.0,0.0,0.0
353,353,-0.1249858346320594,2023-12-29,495.2200000000002,-0.6189548502648851,0.010328962034857,0.0016499598509891,-0.999975249494677,1.999818714659188,20.99999999999998,77.31597623698765,76.70432835820895,0.015621458858672497,80.0,5.737262753590658,0.07171578441988322,0.26779802915608475,0.4404885595478421,0.5248744922767334,0.6898020109328858,0.0,0.0,0.0,0.0,0.0,0.0,0.0,0.0,0.0,0.0
354,354,0.1880208139652401,2024-01-02,481.68,0.9056586567077688,0.0141374968847124,0.0004600109693444,-0.5564604261180849,0.6116259135406571,16.99999999999999,54.80141277186366,55.70707142857143,0.0,80.0,5.737262753590658,0.07171578441988322,0.26779802915608475,0.4404885595478421,0.5248744922767334,0.6898020109328858,0.1880208139652401,0.0,0.0,0.0,0.0,0.0,0.0,0.0,0.0,0.0
355,355,0.1912955551334542,2024-01-03,475.69,0.9099738262143284,0.0469415504920386,0.0006233730969373,-0.9827219550609204,0.3447385696299583,8.999999999999986,22.801618706895265,23.711632653061223,0.0,79.0,5.722287907541896,0.07243402414609995,0.2691356983867059,0.4426888296334907,0.5274962757919783,0.6932476185355756,0.1912955551334542,0.0,0.0,0.0,0.0,0.0,0.0,0.0,0.0,0.0
356,356,0.1150176554911971,2024-01-04,479.98,0.5520617428266479,0.0065683882545452,0.0006305517695095,-0.3648994398360358,0.2773072547063344,7.999999999999968,29.73841868442339,30.385113636363634,0.0,78.0,5.7214359155977235,0.07335174250766312,0.2708352682123639,0.44548437322548157,0.530827371439479,0.697625420295933,0.1150176554911971,0.0,0.0,0.0,0.0,0.0,0.0,0.0,0.0,0.0
357,357,0.078357994964425,2024-01-05,490.97000000000014,0.3847142478768375,0.0587695741696575,0.0008182846452161,-0.5466185104774901,0.7361475163354835,13.999999999999982,49.48134869591196,50.110692307692304,0.0,77.0,5.7168071563984775,0.07424424878439581,0.2724779785311022,0.4481863912512889,0.5340470245012384,0.7018567616721813,0.078357994964425,0.0,0.0,0.0,0.0,0.0,0.0,0.0,0.0,0.0
358,358,0.0959932072619415,2024-01-08,522.5299999999999,0.5015933059058231,0.0176389710080276,0.0005981143837546,-0.3947920340324428,0.0271516300466984,10.999999999999975,53.724837424556334,54.258,0.0,77.0,5.7168071563984775,0.07424424878439581,0.2724779785311022,0.4481863912512889,0.5340470245012384,0.7018567616721813,0.0959932072619415,0.0,0.0,0.0,0.0,0.0,0.0,0.0,0.0,0.0
359,359,0.1167769790736494,2024-01-09,531.4000000000001,0.6205528667973735,0.0131330142531567,0.0002624994140495,-0.6527135736589972,0.4204078177209607,10.000000000000004,54.426690161077246,55.04740506329115,0.0,76.0,5.433351122321446,0.07149146213580851,0.26737887376494146,0.4397991102824638,0.5240529628061668,0.6887223381936385,0.1167769790736494,0.0,0.0,0.0,0.0,0.0,0.0,0.0,0.0,0.0
360,360,0.2100952119102263,2024-01-10,543.5,1.1418674767320804,0.0111778106847567,0.0007583692368299,-0.2615625318305982,0.4082696343840116,8.999999999999984,56.10373687346949,57.2454375,0.0,76.0,5.433351122321446,0.07149146213580851,0.26737887376494146,0.4397991102824638,0.5240529628061668,0.6887223381936385,0.2100952119102263,0.0,0.0,0.0,0.0,0.0,0.0,0.0,0.0,0.0
361,361,-0.0405459559551891,2024-01-11,548.2200000000003,-0.2222810397375382,0.0179356441467397,0.0003589999642606,0.9840771091991366,1.969469305859808,7.999999999999968,51.33843837701016,51.03314102564103,0.0016439745443201346,76.0,5.396375146496959,0.07100493613811788,0.2664675142266274,0.4383000572404111,0.5222667309341041,0.6863748315887803,0.0,0.0,0.0,0.0,0.0,0.0,0.0,0.0,0.0,0.0
362,362,0.2589075441027745,2024-01-12,547.0999999999999,1.4164831737862789,0.0133942759800329,0.0009203090094411,-0.4731409256832586,1.110065204850619,63.000000000000014,95.76476682621372,97.18125,0.0,75.0,5.39207633964493,0.07189435119526574,0.2681312201055031,0.4410366098894603,0.5255275345375682,0.690660253944075,0.2589075441027745,0.0,0.0,0.0,0.0,0.0,0.0,0.0,0.0,0.0
363,363,0.1732418560924043,2024-01-16,563.82,0.976772233020194,0.0083289119521292,0.0005533373346552,-0.1979034187616728,0.2678998411440775,10.000000000000002,58.14837269451604,59.12514492753623,0.0,74.0,5.3916807555481725,0.07286055075065098,0.26992693594869516,0.44399029960710895,0.5290470729166925,0.6952857114338161,0.1732418560924043,0.0,0.0,0.0,0.0,0.0,0.0,0.0,0.0,0.0
364,364,-0.0071089540079332,2024-01-17,560.5299999999999,-0.0398478199006681,0.0093034242794122,0.0006074414908067,-0.245283625072649,0.3989489251573226,8.999999999999986,46.86634694586812,46.92094827586207,5.0537227086909506e-05,75.0,5.39173129277526,0.07188975057033681,0.2681226409133268,0.4410224983740928,0.5255107196298862,0.6906381554094665,0.0,0.0,0.0,0.0,0.0,0.0,0.0,0.0,0.0,0.0
365,365,0.0188440892341119,2024-01-18,571.07,0.1076129403892433,0.0101523864405451,0.0010010881743918,-0.2115649472083913,0.3886800048369018,7.999999999999968,60.29390056684981,60.18050724637683,0.0,74.0,5.391425398915579,0.07285709998534566,0.26992054383715525,0.44397978551925865,0.5290345446082891,0.6952692464456001,0.0188440892341119,0.0,0.0,0.0,0.0,0.0,0.0,0.0,0.0,0.0
366,366,0.3355708243140575,2024-01-19,594.9100000000002,1.99634439092676,0.0148490058744996,0.000726732807939,-0.9998746131576812,0.790373067663461,27.99999999999997,112.21787638829402,114.21422077922077,0.0,73.0,5.391117410415978,0.07385092343035586,0.27175526385031784,0.4469976313873496,0.5326305297558027,0.6999951720193118,0.3355708243140575,0.0,0.0,0.0,0.0,0.0,0.0,0.0,0.0,0.0
367,367,-0.0146817983443464,2024-01-22,596.54,-0.0875827998433643,0.0100581866645333,0.0004097845895866,-0.4594455865266281,0.8069677441225283,25.0,83.63509447036904,83.74306666666668,0.0002155552026240527,74.0,5.391332965618601,0.07285585088673785,0.26991823000075016,0.4439759795970556,0.5290300095722691,0.6952632863979842,0.0,0.0,0.0,0.0,0.0,0.0,0.0,0.0,0.0,0.0
368,368,0.0678369090094497,2024-01-23,598.7300000000004,0.4061599253122788,0.0213119700157145,0.0011142247659989,0.0273784248078579,0.1863276388979756,10.000000000000004,51.43214037984292,51.91377049180328,0.0,74.0,5.391332965618601,0.07285585088673785,0.26991823000075016,0.4439759795970556,0.5290300095722691,0.6952632863979842,0.0678369090094497,0.0,0.0,0.0,0.0,0.0,0.0,0.0,0.0,0.0
369,369,-0.0078481852668837,2024-01-24,613.6200000000001,-0.0481580344346521,0.0117215648695445,0.0003963100300723,-0.9999462416148328,1.280150070447451,8.999999999999986,59.17157535239689,59.1304605263158,6.159401198333036e-05,75.0,5.3913945596305854,0.07188526079507447,0.2681142681676499,0.44100872643299854,0.5254943093499076,0.6906165886458007,0.0,0.0,0.0,0.0,0.0,0.0,0.0,0.0,0.0,0.0
370,370,0.014351845930706,2024-01-25,616.17,0.0884317690712317,0.0146699125639989,0.0002381144602089,-0.2492468502709078,1.667768385223848,7.999999999999968,55.6946339509356,55.902,0.0,75.0,5.3913945596305854,0.07188526079507447,0.2681142681676499,0.44100872643299854,0.5254943093499076,0.6906165886458007,0.014351845930706,0.0,0.0,0.0,0.0,0.0,0.0,0.0,0.0,0.0
371,371,0.321621802699159,2024-01-26,610.3099999999997,1.9628900240532363,0.0072836580897581,0.0003038797944342,-0.6821808410611977,1.5452372684825757,20.99999999999998,96.01110997594677,97.974,0.0,75.0,5.3913945596305854,0.07188526079507447,0.2681142681676499,0.44100872643299854,0.5254943093499076,0.6906165886458007,0.321621802699159,0.0,0.0,0.0,0.0,0.0,0.0,0.0,0.0,0.0
372,372,0.2115904876997764,2024-01-29,624.6500000000001,1.3216999814166537,0.0347847620569879,0.0005683998995624,-0.3366415086408958,1.2011503572553863,17.99999999999997,76.24999817335731,77.63799999999999,0.0,74.0,5.388231282883734,0.0728139362551856,0.26984057562787994,0.44384824952019136,0.5288778097982013,0.6950632619887964,0.2115904876997764,0.0,0.0,0.0,0.0,0.0,0.0,0.0,0.0,0.0
373,373,0.1370323181628682,2024-01-30,627.7399999999998,0.860206674035589,0.010869087893355,0.0012079066097421,-0.1258644351156559,0.5344206287079578,10.0,51.48645172186536,52.58649253731343,0.0,74.0,5.388231282883734,0.0728139362551856,0.26984057562787994,0.44384824952019136,0.5288778097982013,0.6950632619887964,0.1370323181628682,0.0,0.0,0.0,0.0,0.0,0.0,0.0,0.0,0.0
374,374,-0.0818995614846161,2024-01-31,615.2699999999998,-0.5039034319463974,0.0145587721553681,0.0004040955962311,-0.0955496085384306,0.4937174435473532,8.999999999999986,50.49334468075773,49.89397058823529,0.006707538171372414,74.0,5.384059170416655,0.07275755635698182,0.26973608649378344,0.4436763801889957,0.5286730148585964,0.6947941158152882,0.0,0.0,0.0,0.0,0.0,0.0,0.0,0.0,0.0,0.0
375,375,0.1215812920932197,2024-02-01,630.2699999999998,0.7662904096759359,0.0289569775685944,0.0004687855783042,-0.5378559619460882,0.470102317925968,7.999999999999968,66.46083856476693,67.49514285714284,0.0,74.0,5.384059170416655,0.07275755635698182,0.26973608649378344,0.4436763801889957,0.5286730148585964,0.6947941158152882,0.1215812920932197,0.0,0.0,0.0,0.0,0.0,0.0,0.0,0.0,0.0
376,376,-0.0435378824431897,2024-02-02,661.6,-0.2880466302441433,0.0121801412990838,0.0005980309247331,-0.1902580129647159,0.7128076842544215,13.999999999999986,103.19006727995854,102.8454819277108,0.001895547207637006,75.0,5.3859547176242915,0.07181272956832388,0.26797897225029405,0.4407861844526241,0.5252291342246349,0.6902680894572251,0.0,0.0,0.0,0.0,0.0,0.0,0.0,0.0,0.0,0.0
377,377,0.0788533253540316,2024-02-05,693.3199999999999,0.5467058753445718,0.0189868480996786,0.0005114895511144,-0.9999809149620492,1.841144254281344,10.999999999999972,92.996973986945,93.97246478873238,0.0,75.0,5.3859547176242915,0.07181272956832388,0.26797897225029405,0.4407861844526241,0.5252291342246349,0.6902680894572251,0.0788533253540316,0.0,0.0,0.0,0.0,0.0,0.0,0.0,0.0,0.0
378,378,0.0790833392611246,2024-02-06,682.2300000000004,0.5395302654411709,0.0179783409003046,0.0011685109617609,0.2770994692465665,0.3144687697074863,10.000000000000004,78.81532271307799,79.48978873239435,0.0,75.0,5.3859547176242915,0.07181272956832388,0.26797897225029405,0.4407861844526241,0.5252291342246349,0.6902680894572251,0.0790833392611246,0.0,0.0,0.0,0.0,0.0,0.0,0.0,0.0,0.0
379,379,-0.0452816466330908,2024-02-07,700.9899999999997,-0.3174198147333034,0.0144071115063485,0.0004604082271846,0.3016603861779087,5.644008890925978e-05,8.999999999999988,87.285826832302,86.74943548387097,0.002050427521804103,75.0,5.3791007070944605,0.07172134276125948,0.26780840681587925,0.44050562927919434,0.5248948321161745,0.6898287420130869,0.0,0.0,0.0,0.0,0.0,0.0,0.0,0.0,0.0,0.0
380,380,-0.0207296306247969,2024-02-08,696.4100000000002,-0.1443632206341485,0.0151699197130932,0.0007987939070715,0.1970163056114541,0.0923059489487451,7.999999999999968,82.48731985405311,82.27985507246377,0.0004297175858405175,75.0,4.387345899735052,0.05849794532980069,0.24186348490377932,0.39783003037110404,0.4740437195867545,0.6229990518736118,0.0,0.0,0.0,0.0,0.0,0.0,0.0,0.0,0.0,0.0
381,381,0.1170026387434442,2024-02-09,721.33,0.843975134048086,0.0066231611024226,0.0010053061367275,0.9280364039299832,0.3792664682577344,13.999999999999986,98.97565067133772,100.12951807228916,0.0,74.0,4.308310536277225,0.05822041265239493,0.24128906451058849,0.39688519290396923,0.47291787630411514,0.6215194429922748,0.1170026387434442,0.0,0.0,0.0,0.0,0.0,0.0,0.0,0.0,0.0
382,382,-0.4699201016839153,2024-02-12,722.4800000000001,-3.395078750645952,0.0071177871312374,0.0022806381653112,0.3822796187878077,0.3671985324536648,10.999999999999972,82.62665769801437,79.23157894736842,0.2208249019666213,74.0,4.425583272050158,0.05980517935202916,0.24455097495620245,0.40225055813122823,0.47931110329831356,0.6299215675036396,0.0,0.0,0.0,0.0,0.0,0.0,0.0,0.0,0.0,0.0
383,383,-0.1509916181787582,2024-02-13,721.2799999999997,-1.0890723435997467,0.0036443042666226,0.0014101124458151,0.2014066392344641,0.0153673242160596,10.000000000000002,83.42442750311453,82.0389705882353,0.0227984687602399,74.0,4.298412232800205,0.05808665179459736,0.24101172542969224,0.3964290107108616,0.4723743016940531,0.620805064860683,0.0,0.0,0.0,0.0,0.0,0.0,0.0,0.0,0.0,0.0
384,384,-1.2337436093646368,2024-02-14,739.0,-9.117365273204664,0.0078146357321422,0.0017152454733974,0.0647161287109898,1.486757100141024,8.999999999999984,115.1095950029344,105.99222972972971,1.5221232936480815,74.0,5.664736695095667,0.07655049587967118,0.2766776027792477,0.4550941584276843,0.5422781367762046,0.7126742768744488,0.0,0.0,0.0,0.0,0.0,0.0,0.0,0.0,0.0,0.0
385,385,0.5960443645961447,2024-02-15,726.58,4.330739144282669,0.0041460076821287,0.0025286952902542,0.9709704620468812,0.6274348321909579,7.999999999999968,85.45402648071733,89.784765625,0.0,73.0,5.661365804898403,0.07755295623148498,0.2784833140988612,0.45806428924097786,0.5458172659291234,0.7173254810052593,0.5960443645961447,0.5960443645961447,950.02,0.5960443645961447,0.5960443645961447,950.02,0.5960443645961447,0.0,0.0,0.0
386,386,0.4551218437741396,2024-02-16,726.1299999999999,3.3047762441971598,0.0059534199233214,0.0008704071074823,-0.7624824520310602,0.1424499217914209,27.99999999999997,130.38742937986578,133.69796511627908,0.0,72.0,5.634562134799757,0.0782578074277744,0.27974596945760344,0.4601411724873948,0.5482920249571447,0.7205778656785906,0.4551218437741396,0.0,0.0,0.0,0.0,0.0,0.0,0.0,0.0,0.0
387,387,0.1543508509207023,2024-02-20,694.52,1.0719975298144615,0.0033894896062207,0.0006705635248658,0.2284866259042099,0.1940206001626385,23.99999999999998,106.90378705624754,108.02417582417586,0.0,72.0,5.634562134799757,0.0782578074277744,0.27974596945760344,0.4601411724873948,0.5482920249571447,0.7205778656785906,0.1543508509207023,0.0,0.0,0.0,0.0,0.0,0.0,0.0,0.0,0.0
388,388,0.3549683123647357,2024-02-21,674.7200000000003,2.395042197187346,0.0067456416748935,0.0011891679385823,0.3872909521340401,0.9308147909030992,22.99999999999996,92.30009602810271,94.79820652173916,0.0,72.0,5.634562134799757,0.0782578074277744,0.27974596945760344,0.4601411724873948,0.5482920249571447,0.7205778656785906,0.3549683123647357,0.0,0.0,0.0,0.0,0.0,0.0,0.0,0.0,0.0
389,389,-0.2206651955434974,2024-02-22,785.3800000000001,-1.7330603127595203,0.0065585252695741,0.0013634467455827,0.1951488668288531,0.1978535851769453,7.999999999999968,86.8519935454161,85.09814606741574,0.048693128524249944,72.0,5.673277605487514,0.0787955222984377,0.2807054012633845,0.46171929737294637,0.5501724767420978,0.7230491982386783,0.0,0.0,0.0,0.0,0.0,0.0,0.0,0.0,0.0,0.0
390,390,-0.1551640311690624,2024-02-23,788.17,-1.2229563444651994,0.0063444504004269,0.0011914591723251,-0.9863156212461176,1.830507513855181,20.999999999999982,112.57675557140892,111.33119047619049,0.02407587656863377,73.0,5.6973534820561476,0.07804593811035819,0.2793670311800557,0.4595178744871796,0.5475493195807875,0.7196017853590467,0.0,0.0,0.0,0.0,0.0,0.0,0.0,0.0,0.0,0.0
391,391,0.0637759136815969,2024-02-26,790.9199999999998,0.5044164564904864,0.0076772049150345,0.0009755597973495,0.9707541917921207,1.9476254854286696,17.99999999999997,126.4150348831376,127.2304347826087,0.0,73.0,5.6973534820561476,0.07804593811035819,0.2793670311800557,0.4595178744871796,0.5475493195807875,0.7196017853590467,0.0637759136815969,0.0,0.0,0.0,0.0,0.0,0.0,0.0,0.0,0.0
392,392,-0.1924302768889075,2024-02-27,787.01,-1.5144455221433912,0.0066041436636538,0.0015633495861117,-0.9999813409276848,0.4156267993649377,16.99999999999999,111.0918158681164,109.3653448275862,0.037029411463541606,73.0,5.734043668980271,0.07854854341068865,0.2802651305651287,0.46099511651807984,0.5493095620300681,0.721915136072617,0.0,0.0,0.0,0.0,0.0,0.0,0.0,0.0,0.0,0.0
393,393,-0.4470716450845857,2024-02-28,776.6299999999999,-3.4720925172204176,0.0109460551832084,0.0006411375185787,-0.7591671495693003,1.9816121679099,15.999999999999975,106.80395998709994,103.3318674698795,0.19987305583863776,74.0,5.933916724818909,0.08018806384890417,0.2831749703785703,0.4657813770890671,0.5550127432651945,0.7294103867327133,0.0,0.0,0.0,0.0,0.0,0.0,0.0,0.0,0.0,0.0
394,394,-0.0313966187769125,2024-02-29,791.1200000000001,-0.2483849304679105,0.0397670496860551,0.000890568700933,-0.0766438770090616,0.82543021771054,7.999999999999968,77.06117381592172,76.40793333333332,0.0009857476706227747,74.0,5.934840503334404,0.0802005473423568,0.2831970115350033,0.4658176315651681,0.5550559431379808,0.7294671609893375,0.0,0.0,0.0,0.0,0.0,0.0,0.0,0.0,0.0,0.0
395,395,-0.0713846846187122,2024-03-01,822.7899999999998,-0.5873460465743021,0.0078653563663992,0.000380631551839,-0.0212517227082016,0.6883928774077059,13.999999999999982,124.19728060138334,123.28067415730337,0.005095773198113006,75.0,5.939936276532517,0.0791991503537669,0.2814234360421443,0.46290035948306674,0.5515797990481143,0.7248987332627751,0.0,0.0,0.0,0.0,0.0,0.0,0.0,0.0,0.0,0.0
396,396,-0.2949814306732241,2024-03-04,852.3699999999999,-2.51433322062936,0.0117939825948714,0.0006377590579658,0.2953192327037534,4.938857599123825e-05,10.999999999999972,117.2928054607768,114.6486021505376,0.0870140444420221,75.0,6.013911477871671,0.08018548637162229,0.2831704193089778,0.4657738912457413,0.5550038233327019,0.7293986639542943,0.0,0.0,0.0,0.0,0.0,0.0,0.0,0.0,0.0,0.0
397,397,0.2486810421543104,2024-03-05,859.6400000000002,2.137761710775315,0.0066542491638694,0.0007420920412749,0.1300138061541957,0.0008910199833814,10.000000000000002,100.8407635787544,103.1405844155844,0.0,74.0,5.790872277847068,0.07825503078171714,0.2797410066145418,0.46013300933698487,0.548282297963483,0.7205650822420036,0.2486810421543104,0.0,0.0,0.0,0.0,0.0,0.0,0.0,0.0,0.0
398,398,0.2672019215461902,2024-03-06,887.0,2.370081044114708,0.0125190186799332,0.0007650585901199,-0.44811263252896,1.0800018924545447,8.999999999999984,98.73984712479546,101.2108108108108,0.0,73.0,5.790794992141487,0.07932595879645873,0.28164864422975433,0.4632707939872762,0.5520211989848534,0.7254788311118201,0.2672019215461902,0.0,0.0,0.0,0.0,0.0,0.0,0.0,0.0,0.0
399,399,0.275733002868046,2024-03-07,926.6900000000004,2.555190164277896,0.0064146636102477,0.0024916391289372,0.7888755042955456,1.9514992968237688,7.999999999999968,108.95883011705564,111.94204545454544,0.0,72.0,5.785592792586443,0.08035545545258949,0.28347037843942263,0.4662672801093907,0.5555917324252078,0.7301713074723613,0.275733002868046,0.0,0.0,0.0,0.0,0.0,0.0,0.0,0.0,0.0
400,400,0.5478252197326741,2024-03-08,875.2799999999999,4.795004583276149,0.0055404315403242,0.0004629184626503,0.1027653252081182,0.4074638666379999,13.999999999999986,110.64385083841064,115.43885542168674,0.0,72.0,5.785592792586443,0.08035545545258949,0.28347037843942263,0.4662672801093907,0.5555917324252078,0.7301713074723613,0.5478252197326741,0.5478252197326741,950.02,0.5478252197326741,0.0,0.0,0.0,0.0,0.0,0.0
401,401,0.1444212259553145,2024-03-11,857.7400000000002,1.2387586235091157,0.0098425906133591,0.0006566783500586,-0.1115010812757677,1.1063440080744595,10.999999999999972,89.87178565253993,91.38809523809522,0.0,71.0,5.784705717861612,0.08147472842058608,0.28543778379987833,0.46950337395222,0.559447776074692,0.7352390078517822,0.1444212259553145,0.0,0.0,0.0,0.0,0.0,0.0,0.0,0.0,0.0
402,402,-0.0884694069686994,2024-03-12,919.1300000000005,-0.8131488602714078,0.0114941236498126,0.0010552039242845,-0.0190939049080229,1.559249083362392,10.000000000000002,123.14277975663026,122.12532467532472,0.007826835969393358,71.0,5.7911907056969705,0.08156606627742212,0.2855977350705396,0.4697664703799027,0.5597612748044695,0.7356510150218913,0.0,0.0,0.0,0.0,0.0,0.0,0.0,0.0,0.0,0.0
403,403,-0.5878174446104871,2024-03-13,908.88,-5.342555190575796,0.0060945876104816,0.0015562753311525,-0.2801686975219666,1.10014350992148,8.999999999999984,109.70783296835356,104.36527777777776,0.3455293481884031,72.0,6.136720053885373,0.08523222297063018,0.29194558220776384,0.48020774976689956,0.5722028265727948,0.7520019856924026,0.0,0.0,0.0,0.0,0.0,0.0,0.0,0.0,0.0,0.0
404,404,0.1882060806878819,2024-03-14,879.4400000000005,1.6551595560015095,0.0157021752716717,0.0011530358219519,-0.3130477997819376,1.0433458446245745,7.999999999999968,91.8558309131938,94.33365384615384,0.0,72.0,6.136720053885373,0.08523222297063018,0.29194558220776384,0.48020774976689956,0.5722028265727948,0.7520019856924026,0.1882060806878819,0.0,0.0,0.0,0.0,0.0,0.0,0.0,0.0,0.0
405,405,-0.9030442686531966,2024-03-15,878.3650000000001,-7.932024790355651,0.0106114582727385,0.3759445382832332,0.9983264958341612,0.0066937386815605,35.0,183.06408164241736,175.31648351648352,0.8154889511473868,72.0,6.952127218086163,0.09655732247341893,0.3107367414282047,0.5111164561652642,0.6090328218726165,0.8004048042600672,0.0,0.0,0.0,0.0,0.0,0.0,0.0,0.0,0.0,0.0
406,406,-0.1582804944959605,2024-03-18,884.5500000000002,-1.400070114064019,0.0088848151070447,0.0015598951920768,-0.224460554282474,0.0837443869098673,10.000000000000002,96.19249199224645,94.7825657894737,0.02505271493788578,73.0,6.97717993302405,0.0955778073016993,0.3091566064338579,0.50851736538874,0.6059358141929855,0.7963346462380657,0.0,0.0,0.0,0.0,0.0,0.0,0.0,0.0,0.0,0.0
407,407,0.115532656702595,2024-03-19,893.9799999999997,1.0328388443898586,0.0132531856694043,0.0003735604974362,0.8889807792137424,1.981164672949008,8.999999999999986,98.04929906949349,99.42147435897436,0.0,72.0,6.977164878843013,0.09690506776170851,0.31129578821710474,0.5120360063036221,0.6101285334445334,0.8018448133609709,0.115532656702595,0.0,0.0,0.0,0.0,0.0,0.0,0.0,0.0,0.0
408,408,0.0456648072806013,2024-03-20,903.72,0.4126819963562504,0.0122926280505313,0.0008811142868704,-0.7471125125925112,1.0464354847108472,7.999999999999968,90.27373472417749,90.63767123287673,0.0,71.0,6.976815700004363,0.09826500985921638,0.3134725025567895,0.5156163827800898,0.6143948151549474,0.807451657942586,0.0456648072806013,0.0,0.0,0.0,0.0,0.0,0.0,0.0,0.0,0.0
409,409,0.2923668376499794,2024-03-21,914.35,2.673256180052587,0.0302723781765306,0.0005919848658431,-0.277507029736194,0.9828648990795584,15.000000000000004,98.47928005183148,101.15253623188406,0.0,71.0,6.976815700004363,0.09826500985921638,0.3134725025567895,0.5156163827800898,0.6143948151549474,0.807451657942586,0.2923668376499794,0.0,0.0,0.0,0.0,0.0,0.0,0.0,0.0,0.0
410,410,0.0224810604145792,2024-03-22,942.89,0.211971670543026,0.0082416298143336,0.0006353161100773,0.477357756050537,1.9555616376299876,27.99999999999997,200.51678583104203,201.1371287128713,0.0,70.0,6.976815201750044,0.0996687885964292,0.3157036404548247,0.5192862780439019,0.6187677650796388,0.8131986883206035,0.0224810604145792,0.0,0.0,0.0,0.0,0.0,0.0,0.0,0.0,0.0
411,411,0.1812908221169876,2024-03-25,950.02,1.722299068275806,0.0059375983948697,0.00026052759588,0.8390233488606879,0.393119182127766,10.999999999999975,117.49379365572467,119.24179104477612,0.0,70.0,6.976815201750044,0.0996687885964292,0.3157036404548247,0.5192862780439019,0.6187677650796388,0.8131986883206035,0.1812908221169876,0.0,0.0,0.0,0.0,0.0,0.0,0.0,0.0,0.0
412,412,0.0244837210245188,2024-03-26,925.61,0.2266237701750485,0.0151599886823127,0.0004627371553164,-0.0005643694234218,0.2063830798316544,10.000000000000002,94.10323854572562,94.47536764705885,0.0,70.0,6.976815201750044,0.0996687885964292,0.3157036404548247,0.5192862780439019,0.6187677650796388,0.8131986883206035,0.0244837210245188,0.0,0.0,0.0,0.0,0.0,0.0,0.0,0.0,0.0
413,413,0.0193998415473827,2024-03-27,902.5,0.1750835699651294,0.0093500518333209,0.001142209340318,-0.0671697435067839,0.4065813164010342,8.999999999999986,98.87773991855414,98.75632911392404,0.0,69.0,6.970469766434968,0.10102130096282563,0.3178384825077442,0.5227977807376151,0.6229519786160426,0.8186976770389621,0.0193998415473827,0.0,0.0,0.0,0.0,0.0,0.0,0.0,0.0,0.0
414,414,-0.0045409316055503,2024-03-28,903.5599999999996,-0.041030041615111,0.017760799926188,0.0004472819939353,-0.9999810659035188,1.225179329200562,7.999999999999968,93.81466311763168,93.64401234567902,2.0620059846285624e-05,70.0,6.970490386494815,0.09957843409278307,0.3155605078155108,0.5190508458029913,0.6184872302615715,0.8128300030739646,0.0,0.0,0.0,0.0,0.0,0.0,0.0,0.0,0.0,0.0
415,415,0.0051398125976412,2024-04-01,903.6299999999998,0.0464448885760653,0.0083201932277884,0.0002660683503655,0.9945264741954812,1.993516982926651,10.999999999999975,81.14028271386049,81.34107142857142,0.0,69.0,6.933857610269737,0.10049069000390923,0.31700266561010054,0.5214229842820586,0.621313807598991,0.8165447553816102,0.0051398125976412,0.0,0.0,0.0,0.0,0.0,0.0,0.0,0.0,0.0
416,416,0.1444774562053374,2024-04-02,894.52,1.292379741247984,0.0122044374630363,0.0001881080284659,-0.0036421652341295,1.7584677581974564,10.000000000000002,71.6812434471578,72.9736231884058,0.0,69.0,6.933857610269737,0.10049069000390923,0.31700266561010054,0.5214229842820586,0.621313807598991,0.8165447553816102,0.1444774562053374,0.0,0.0,0.0,0.0,0.0,0.0,0.0,0.0,0.0
417,417,-0.0329697942005329,2024-04-03,889.6400000000001,-0.2933124771256217,0.0163269235034816,0.0002505680085879,-0.0291412748830832,0.6402804188248244,8.999999999999984,81.78995798961938,81.33500000000001,0.0010870073296254928,69.0,6.9315910641546035,0.100457841509487,0.3169508503056696,0.5213377556906338,0.6212122514684584,0.8164112880020847,0.0,0.0,0.0,0.0,0.0,0.0,0.0,0.0,0.0,0.0
418,418,-0.0316478003521943,2024-04-04,859.0500000000002,-0.2718704289255254,0.0148844769873097,0.0002975748286908,-0.7302175882992072,1.0220798933476831,7.999999999999968,80.36607436651214,79.93357142857143,0.0010015832671323496,70.0,6.932592647421736,0.09903703782031052,0.3147015059072812,0.5176379133986816,0.6168036174587902,0.8106173607869422,0.0,0.0,0.0,0.0,0.0,0.0,0.0,0.0,0.0,0.0
419,419,0.178891926194179,2024-04-05,880.0800000000002,1.5743920640497313,0.0131636623515656,0.0004126349417385,-0.9999669978973,0.7669696700770774,13.999999999999986,129.11131947278287,131.09784946236556,0.0,70.0,6.932592647421736,0.09903703782031052,0.3147015059072812,0.5176379133986816,0.6168036174587902,0.8106173607869422,0.178891926194179,0.0,0.0,0.0,0.0,0.0,0.0,0.0,0.0,0.0
420,420,-0.0314132899407147,2024-04-08,871.3300000000002,-0.2737134192404294,0.0152284326637736,0.0006748308631543,-0.999977419322472,1.999811843148582,10.999999999999975,93.75015558015974,93.27902439024392,0.0009867947848994072,71.0,6.933579442206636,0.0976560484817836,0.3124996775706874,0.5140162280733108,0.6124881132189267,0.8049458268361597,0.0,0.0,0.0,0.0,0.0,0.0,0.0,0.0,0.0,0.0
421,421,-0.2856442758986063,2024-04-09,853.5399999999996,-2.438088152504964,0.0250688261527622,0.0007709313705955,-0.2619435837243276,0.1383442236524428,10.0,95.65333919298604,92.60076923076922,0.08159265235363912,72.0,7.015172094560275,0.0974329457577816,0.3121425087324403,0.513428737614286,0.6117880751595624,0.8040258208762883,0.0,0.0,0.0,0.0,0.0,0.0,0.0,0.0,0.0,0.0
422,422,-0.055177131725521,2024-04-10,870.3900000000001,-0.4802562368257625,0.0081857243716603,0.0005372759130974,-0.9999746021829596,0.9648368753686334,8.999999999999984,88.96785568245689,88.36487951807229,0.003044515865455496,73.0,7.01821661042573,0.09613995356747576,0.3100644345413962,0.5100106097440729,0.6077151245879137,0.7986730564800482,0.0,0.0,0.0,0.0,0.0,0.0,0.0,0.0,0.0,0.0
423,423,-0.0617571499613672,2024-04-11,906.1600000000002,-0.559618590089926,0.0072059746773515,0.0002518639997904,-0.7663516669041683,1.1476669180393946,7.999999999999968,105.98027908192266,105.09341772151896,0.0038139455713507965,74.0,7.022030555997081,0.09489230481077136,0.3080459459411394,0.5066904914489803,0.6037589596282056,0.7934737743946273,0.0,0.0,0.0,0.0,0.0,0.0,0.0,0.0,0.0,0.0
424,424,-0.0945930361629928,2024-04-12,881.86,-0.834178148706969,0.0071130815006982,0.0007637802321054,-0.8378378377033288,0.854860285561721,13.999999999999988,75.49925889797122,74.43888888888888,0.008947842490533264,74.0,7.019569904517992,0.09485905276375664,0.3079919686676207,0.50660170673486,0.6036531661161253,0.7933347381517721,0.0,0.0,0.0,0.0,0.0,0.0,0.0,0.0,0.0,0.0
425,425,0.0391291135802915,2024-04-15,860.0100000000001,0.3365142897018652,0.0073248409112434,0.0006270147700845,-0.076384323119765,0.7933357025231056,10.999999999999975,58.937920653326586,59.43597222222223,0.0,73.0,5.4702699636573495,0.07493520498160752,0.27374295421363365,0.4502670910907061,0.536526331280319,0.7051151231035225,0.0391291135802915,0.0,0.0,0.0,0.0,0.0,0.0,0.0,0.0,0.0
426,426,-0.0442866912197348,2024-04-16,874.15,-0.3871321112973124,0.0045794376390306,0.0005876758968769,-0.0863896357098793,0.5633003315458881,10.000000000000002,59.2462380345348,58.67235294117648,0.0019613110191921356,74.0,5.472231274676542,0.07394907127941272,0.2719357852130034,0.44729456260550515,0.5329843451251064,0.7004601642352338,0.0,0.0,0.0,0.0,0.0,0.0,0.0,0.0,0.0,0.0
427,427,0.0952756020168303,2024-04-17,840.3500000000001,0.8006485215484341,0.0338157150619977,0.0005262697960905,0.514597628946349,1.9998376944854712,8.999999999999984,51.18161467813192,52.13440000000001,0.0,74.0,5.472231274676542,0.07394907127941272,0.2719357852130034,0.44729456260550515,0.5329843451251064,0.7004601642352338,0.0952756020168303,0.0,0.0,0.0,0.0,0.0,0.0,0.0,0.0,0.0
428,428,0.0329085143144576,2024-04-18,846.71,0.2786396815519446,0.0091833375043132,0.0007224821063148,-0.1348884780858124,1.1724669734204518,7.999999999999968,62.88619354904705,63.22662499999999,0.0,74.0,5.472231274676542,0.07394907127941272,0.2719357852130034,0.44729456260550515,0.5329843451251064,0.7004601642352338,0.0329085143144576,0.0,0.0,0.0,0.0,0.0,0.0,0.0,0.0,0.0
429,429,-0.1743520742138984,2024-04-19,762.0,-1.328562805509906,0.0050104156960164,0.0008090800766516,0.4437218283123217,1.999837888209256,27.99999999999997,99.30530403057092,97.52259803921568,0.030398645782688735,74.0,5.502248849223567,0.07435471417869685,0.2726806083657157,0.4485196876696815,0.5344441716792742,0.702378701537952,0.0,0.0,0.0,0.0,0.0,0.0,0.0,0.0,0.0,0.0
430,430,-0.0511532656984307,2024-04-22,795.18,-0.4067605381807813,0.0126308195935267,0.0009000307496816,0.3253589163422356,1.9998294759141584,25.000000000000004,114.14959521070048,113.37757575757576,0.0026166565916142465,75.0,5.504865505815181,0.07339820674420242,0.2709210341487025,0.44562544563693696,0.530995469585803,0.6978463387080002,0.0,0.0,0.0,0.0,0.0,0.0,0.0,0.0,0.0,0.0
431,431,0.0147769917446235,2024-04-23,824.2299999999999,0.1217963990567104,0.0295953132763736,0.0010123884414058,-0.5714834571133861,0.7796601379961184,10.0,65.71073118816348,66.14866666666666,0.0,74.0,5.492154806005671,0.07421830818926582,0.27243037310341484,0.4481080872908947,0.5339537195775025,0.7017341382165361,0.0147769917446235,0.0,0.0,0.0,0.0,0.0,0.0,0.0,0.0,0.0
432,432,0.1560640048264248,2024-04-24,796.7699999999999,1.2434711712555049,0.0128499315059168,0.0007771356047465,-0.0825984301591983,0.0186012450678212,8.999999999999986,57.43188981980855,58.89217105263158,0.0,73.0,5.490277236762437,0.0752092772159238,0.27424309875714975,0.4510897556571085,0.5375065965726747,0.7064034100747214,0.1560640048264248,0.0,0.0,0.0,0.0,0.0,0.0,0.0,0.0,0.0
433,433,-0.0176627025963193,2024-04-25,826.3200000000003,-0.1459504440939063,0.0118919651929718,0.0007109323683751,-0.80719007353599,1.0499334195929182,7.999999999999968,72.56626030265892,72.35297872340425,0.00031197106300602447,74.0,5.490589207825443,0.07419715145710058,0.27239154072235905,0.4480442137080719,0.5338776095091993,0.701634112631486,0.0,0.0,0.0,0.0,0.0,0.0,0.0,0.0,0.0,0.0
434,434,-0.0467601401474659,2024-04-26,877.3500000000004,-0.410250089583793,0.006191933690679,0.0009319002666234,0.1823806075894995,1.999836777449901,20.999999999999982,139.89696405440154,139.1293956043956,0.0021865107066106524,74.0,5.470072865304068,0.07391990358519011,0.27188215017759093,0.4472063408229753,0.5328792223873885,0.7003220095393216,0.0,0.0,0.0,0.0,0.0,0.0,0.0,0.0,0.0,0.0
435,435,0.2655303243014127,2024-04-29,877.5699999999999,2.330214466971907,0.0044563733067211,0.0010763690463816,-0.3249885537701583,1.027784817983712,10.99999999999998,65.95113473937731,68.28134920634919,0.0,73.0,5.466002943398776,0.0748767526492983,0.27363616838659743,0.45009144403579854,0.5363170349052687,0.7048400610410389,0.2655303243014127,0.0,0.0,0.0,0.0,0.0,0.0,0.0,0.0,0.0
436,436,0.0677890594031001,2024-04-30,864.0200000000001,0.5857110310546658,0.0139238733350797,0.001165874799525,-0.0908572679719969,1.0726029300387283,10.0,66.42874463098828,67.1818656716418,0.0,72.0,5.465522774617311,0.07591003853635153,0.27551776446601683,0.45318639417148926,0.5400048954543825,0.7096867313598502,0.0677890594031001,0.0,0.0,0.0,0.0,0.0,0.0,0.0,0.0,0.0
